5.0
30.0
6.0
1.0
2.0
0.0
0.0
230.0
1.0763255204257354
0.05272198932003732
1.076361656681925
0.05271027550104483
1.0763331338110034
0.05275074656995782
1.076356551092699
0.052724904022904376
1.0763660816686513
0.05274008133895822
1.076379301545468
0.05272612385850558
1.076339973882129
0.052759781224181894
1.0763672076106676
0.05275864993554096
1.0763780642045717
0.05277320298930614
1.0763420685550265
0.05279243279502957
1.0764255736968924
0.052758951937929226
1.076409835511481
0.052758159281744155
1.0764371361263212
0.0527566783926763
1.0764234502982442
0.05278637642646797
1.076417755508697
0.052780206643244655
1.076460878305737
0.052776261469275325
1.0763959897658733
0.05282704876169988
1.0764519509495944
0.052807775865116556
1.0764721371833428
0.05279471355508101
1.0764895419331963
0.05280555614308371
1.0764618127194294
0.05281776046332119
1.076482722983085
0.05280345155271019
1.076495114821633
0.05281118878604212
1.07646300612802
0.05282062879769744
1.0765263083100647
0.05282429474755969
1.0764948159540086
0.05283944953957575
1.0765090484088786
0.05284040378741042
1.076533162488298
0.05283080948596613
1.0765039359743724
0.05286172918271513
1.0765149374557652
0.05286956708725261
2.0
1.0
304.41538584693035
100.00834069057946
230.0
1.0839699588898482
0.05272198932003732
1.0839682396904964
0.05271027550104483
1.0839654028822783
0.05275074656995782
1.0839651151589815
0.052724904022904376
1.0839668499701007
0.05274008133895822
1.0839665898813975
0.05272612385850558
1.0839611964579827
0.052759781224181894
1.083961588768252
0.05275864993554096
1.0839469894597324
0.05277320298930614
1.083941679869867
0.05279243279502957
1.0839529530309688
0.052758951937929226
1.0839361439530761
0.052758159281744155
1.0839372716104747
0.0527566783926763
1.0839544079093786
0.05278637642646797
1.0839439168964324
0.052780206643244655
1.0839468291033174
0.052776261469275325
1.0839373950876188
0.05282704876169988
1.083940344309182
0.052807775865116556
1.0839394907737774
0.05279471355508101
1.0839238326787843
0.05280555614308371
1.0839235647061847
0.05281776046332119
1.0839190497055695
0.05280345155271019
1.0839186999393338
0.05281118878604212
1.083911019099189
0.05282062879769744
1.083920593604868
0.05282429474755969
1.0838959559228494
0.05283944953957575
1.0839098075442828
0.05284040378741042
1.0839165582636712
0.05283080948596613
1.0839047825892265
0.05286172918271513
1.0839226828472033
0.05286956708725261
3.0
2.0
305.3061894043358
100.31082255073909
230.0
1.0999482359737494
0.05272198932003732
1.0999479726703492
0.05271027550104483
1.0999500101014725
0.05275074656995782
1.0999482322077572
0.052724904022904376
1.0999499116305373
0.05274008133895822
1.099949113474716
0.05272612385850558
1.0999517303574369
0.052759781224181894
1.0999521218717399
0.05275864993554096
1.0999533122069018
0.05277320298930614
1.0999547142883204
0.05279243279502957
1.0999524125504683
0.052758951937929226
1.0999524430575718
0.052758159281744155
1.0999530707169123
0.0527566783926763
1.0999549719926385
0.05278637642646797
1.0999547829419716
0.052780206643244655
1.0999548954584923
0.052776261469275325
1.099958291562302
0.05282704876169988
1.099956876905564
0.052807775865116556
1.0999568931367099
0.05279471355508101
1.0999577260691924
0.05280555614308371
1.0999584321251232
0.05281776046332119
1.0999583360045615
0.05280345155271019
1.0999590788737785
0.05281118878604212
1.0999590158820534
0.05282062879769744
1.0999602602198075
0.05282429474755969
1.0999610854715736
0.05283944953957575
1.099960941518514
0.05284040378741042
1.0999612202397049
0.05283080948596613
1.0999632640591157
0.05286172918271513
1.099963366333296
0.05286956708725261
4.0
3.0
407.01140652095745
133.3729447770721
230.0
1.064136877505215
0.05272198932003732
1.064179483092999
0.05271027550104483
1.0641490381978655
0.05275074656995782
1.0641748840281322
0.052724904022904376
1.0641873780256448
0.05274008133895822
1.0642020984293392
0.05272612385850558
1.06415912321935
0.052759781224181894
1.0641915681134744
0.05275864993554096
1.0642084741496645
0.05277320298930614
1.064168213668778
0.05279243279502957
1.0642627995791156
0.052758951937929226
1.0642471522161059
0.052758159281744155
1.0642796143216946
0.0527566783926763
1.06426252005639
0.05278637642646797
1.0642572744757266
0.052780206643244655
1.0643079070001487
0.052776261469275325
1.0642365739807398
0.05282704876169988
1.0643010159150967
0.052807775865116556
1.0643244992151313
0.05279471355508101
1.0643490705175143
0.05280555614308371
1.0643170647855402
0.05281776046332119
1.0643419774239833
0.05280345155271019
1.0643575290215066
0.05281118878604212
1.0643212194862266
0.05282062879769744
1.0643955369592664
0.05282429474755969
1.064363803522828
0.05283944953957575
1.0643781662233858
0.05284040378741042
1.0644052116485947
0.05283080948596613
1.0643751845959593
0.05286172918271513
1.0643854284997334
0.05286956708725261
5.0
2.0
0.0
0.0
230.0
1.0669708352718725
0.05272198932003732
1.0670144064759797
0.05271027550104483
1.0669806614854933
0.05275074656995782
1.067008868608735
0.052724904022904376
1.0670198085448956
0.05274008133895822
1.0670357347308008
0.05272612385850558
1.0669894976766006
0.052759781224181894
1.067021968727369
0.05275864993554096
1.0670376113735975
0.05277320298930614
1.0669954376413633
0.05279243279502957
1.067093391837441
0.052758951937929226
1.067077733825928
0.052758159281744155
1.0671101263470273
0.0527566783926763
1.067090364380751
0.05278637642646797
1.0670855469059246
0.052780206643244655
1.0671365718842922
0.052776261469275325
1.067060439803083
0.05282704876169988
1.0671269476088476
0.052807775865116556
1.0671512537040215
0.05279471355508101
1.0671749549846494
0.05280555614308371
1.0671417742305458
0.05281776046332119
1.0671676467242972
0.05280345155271019
1.0671824708668436
0.05281118878604212
1.0671455166868222
0.05282062879769744
1.067219322499364
0.05282429474755969
1.0671862242817982
0.05283944953957575
1.0672006495776214
0.05284040378741042
1.0672281964480843
0.05283080948596613
1.0671952695629623
0.05286172918271513
1.0672050442722292
0.05286956708725261
1.0
2.0
1.0
4.0
1.0
5.0
2.0
3.0
3.0
4.0
4.0
5.0
