39.0
30.0
46.0
1.0
1.0
99.29275660330832
44.914934222304026
345.0
1.0131314419301765
-0.24095604694394876
1.01322026571118
-0.24109414836279947
1.0132806812606627
-0.2408108611447965
1.013326940542605
-0.24112738567010372
1.0134479762983934
-0.24109309407687346
1.0134824830693163
-0.24117653276542242
1.0136509142498809
-0.24078091927031012
1.0137827185226902
-0.2407276632592069
1.0138724129073993
-0.2407839115629991
1.0138863131456022
-0.24077843034816332
1.014015251721495
-0.24083937729495677
1.0141128834432391
-0.2407484624267876
1.0142423746073232
-0.24106128679456496
1.0143516176603915
-0.24095207567430915
1.014449511644529
-0.24096290918675495
1.014481885538913
-0.24091261773405767
1.0147298190750442
-0.24068496517656052
1.01462580820588
-0.24084597340068634
1.014748450227043
-0.2406880293687971
1.0148919082091301
-0.24084035522754213
1.0149715620927946
-0.24059221232260503
1.0150486956905682
-0.24046422199651446
1.015228622483653
-0.24033929118225236
1.015205254537534
-0.24068649097745617
1.0152492621600986
-0.24098670969841687
1.0153857466897205
-0.2410536727483316
1.0155541992694352
-0.24056899857833308
1.015582919468472
-0.24087020923044444
1.0155701476836838
-0.2410041093150922
1.0158459832279714
-0.24039520405162498
2.0
1.0
0.0
0.0
345.0
1.0497031634556122
-0.24095604694394876
1.049676526143422
-0.24109414836279947
1.0496991408879321
-0.2408108611447965
1.049708867898445
-0.24112738567010372
1.0497037771686235
-0.24109309407687346
1.0496996125858329
-0.24117653276542242
1.0497259825225378
-0.24078091927031012
1.0497484463455673
-0.2407276632592069
1.049725552326034
-0.2407839115629991
1.0497282023360366
-0.24077843034816332
1.0497455885390266
-0.24083937729495677
1.049736505439645
-0.2407484624267876
1.0497215671437778
-0.24106128679456496
1.0497522257733751
-0.24095207567430915
1.04974811328309
-0.24096290918675495
1.0497362461629134
-0.24091261773405767
1.0497758135851152
-0.24068496517656052
1.049744396815993
-0.24084597340068634
1.0497741389093607
-0.2406880293687971
1.0497667233025811
-0.24084035522754213
1.0497696029613877
-0.24059221232260503
1.049784996738422
-0.24046422199651446
1.0497922192167024
-0.24033929118225236
1.0497865386477903
-0.24068649097745617
1.049771914031691
-0.24098670969841687
1.0497766781313134
-0.2410536727483316
1.0498014993350748
-0.24056899857833308
1.049775495777671
-0.24087020923044444
1.0497769006887767
-0.2410041093150922
1.0498303779515166
-0.24039520405162498
3.0
1.0
327.517826512794
2.4388624609907357
345.0
1.0327167611186383
-0.24095604694394876
1.0326245795979012
-0.24109414836279947
1.032651937839532
-0.2408108611447965
1.0326266260281034
-0.24112738567010372
1.032564826629863
-0.24109309407687346
1.0325485759691584
-0.24117653276542242
1.0325283213900314
-0.24078091927031012
1.0324990434830081
-0.2407276632592069
1.0324276505912093
-0.2407839115629991
1.032427903884078
-0.24077843034816332
1.0324039512775176
-0.24083937729495677
1.0323399658827486
-0.2407484624267876
1.0322554636358627
-0.24106128679456496
1.0322600907621846
-0.24095207567430915
1.0322099765087411
-0.24096290918675495
1.032191192850738
-0.24091261773405767
1.032156836491716
-0.24068496517656052
1.032130645841157
-0.24084597340068634
1.0321216972906373
-0.2406880293687971
1.0320536062250536
-0.24084035522754213
1.0320211957581487
-0.24059221232260503
1.0320060853791513
-0.24046422199651446
1.0319466655524878
-0.24033929118225236
1.0319532204355621
-0.24068649097745617
1.0318968285971952
-0.24098670969841687
1.0318371066658187
-0.2410536727483316
1.031834557106768
-0.24056899857833308
1.0317703705146042
-0.24087020923044444
1.0317747591101423
-0.2410041093150922
1.0317486396009834
-0.24039520405162498
4.0
1.0
508.2135091477554
186.9441170561643
345.0
1.018318038994596
-0.24095604694394876
1.0181603724518014
-0.24109414836279947
1.018188517511389
-0.2408108611447965
1.0181687917828914
-0.24112738567010372
1.0179721045631602
-0.24109309407687346
1.0179951641277227
-0.24117653276542242
1.0179337998750586
-0.24078091927031012
1.0178733665728887
-0.2407276632592069
1.0177261460866367
-0.2407839115629991
1.0177551953204544
-0.24077843034816332
1.017674158246628
-0.24083937729495677
1.0175458894822529
-0.2407484624267876
1.017379390350453
-0.24106128679456496
1.0174076068005413
-0.24095207567430915
1.0172959340756094
-0.24096290918675495
1.0172545096306027
-0.24091261773405767
1.0171622836483223
-0.24068496517656052
1.0171126761895828
-0.24084597340068634
1.0170791646961208
-0.2406880293687971
1.0169590107018232
-0.24084035522754213
1.0168950520952278
-0.24059221232260503
1.0168902159666526
-0.24046422199651446
1.0167242033364643
-0.24033929118225236
1.0167354052756237
-0.24068649097745617
1.0166477602248107
-0.24098670969841687
1.0165140769268874
-0.2410536727483316
1.016526369608269
-0.24056899857833308
1.0163637713322808
-0.24087020923044444
1.0163777402270728
-0.2410041093150922
1.0163021412871573
-0.24039520405162498
5.0
1.0
0.0
0.0
345.0
1.0289790750702295
-0.24095604694394876
1.0288393547660974
-0.24109414836279947
1.028821154160174
-0.2408108611447965
1.028790729350748
-0.24112738567010372
1.0286187035399428
-0.24109309407687346
1.02866534557173
-0.24117653276542242
1.0285929538171235
-0.24078091927031012
1.0285340384754167
-0.2407276632592069
1.028382027914727
-0.2407839115629991
1.0284401774790692
-0.24077843034816332
1.0283580329685693
-0.24083937729495677
1.0282384599610546
-0.2407484624267876
1.0280741267829157
-0.24106128679456496
1.0281053004010967
-0.24095207567430915
1.0280020578113762
-0.24096290918675495
1.0279326177039634
-0.24091261773405767
1.0278647031422914
-0.24068496517656052
1.0277949413921428
-0.24084597340068634
1.027769239565722
-0.2406880293687971
1.0276706189199891
-0.24084035522754213
1.0275963171822762
-0.24059221232260503
1.027606973045956
-0.24046422199651446
1.02742138266499
-0.24033929118225236
1.02742218820708
-0.24068649097745617
1.0273327808663828
-0.24098670969841687
1.0272007276931676
-0.2410536727483316
1.0272465023135249
-0.24056899857833308
1.0270722201190206
-0.24087020923044444
1.0270746544735383
-0.2410041093150922
1.027017901391053
-0.24039520405162498
6.0
1.0
0.0
0.0
345.0
1.0350042954114438
-0.24095604694394876
1.03486516357569
-0.24109414836279947
1.0348442030199974
-0.2408108611447965
1.0348105381257449
-0.24112738567010372
1.0346392584685316
-0.24109309407687346
1.0346862511412407
-0.24117653276542242
1.0346113292429082
-0.24078091927031012
1.0345523919664281
-0.2407276632592069
1.0343989805149534
-0.2407839115629991
1.0344583931943259
-0.24077843034816332
1.0343737201903374
-0.24083937729495677
1.0342556226029223
-0.2407484624267876
1.0340903987082954
-0.24106128679456496
1.0341197700041058
-0.24095207567430915
1.0340175559537228
-0.24096290918675495
1.0339441701594272
-0.24091261773405767
1.0338771428105777
-0.24068496517656052
1.0338065836224386
-0.24084597340068634
1.0337793916779607
-0.2406880293687971
1.0336808785146083
-0.24084035522754213
1.0336049292035294
-0.24059221232260503
1.0336150470178358
-0.24046422199651446
1.0334282306454212
-0.24033929118225236
1.0334276484920668
-0.24068649097745617
1.0333385151946288
-0.24098670969841687
1.0332034814767237
-0.2410536727483316
1.0332506073881493
-0.24056899857833308
1.03307396727607
-0.24087020923044444
1.0330766494678565
-0.2410041093150922
1.033019437552912
-0.24039520405162498
7.0
1.0
237.73046805374724
85.33107583638477
345.0
1.015161251183322
-0.24095604694394876
1.0150306653981729
-0.24109414836279947
1.0149902005909384
-0.2408108611447965
1.0149568822517843
-0.24112738567010372
1.0147894213401192
-0.24109309407687346
1.0148563190716855
-0.24117653276542242
1.0147743320320657
-0.24078091927031012
1.0147141677638558
-0.2407276632592069
1.0145585293864394
-0.2407839115629991
1.0146325526345283
-0.24077843034816332
1.0145510870783059
-0.24083937729495677
1.0144286694210622
-0.2407484624267876
1.014260673201648
-0.24106128679456496
1.014300210753717
-0.24095207567430915
1.0142007004450673
-0.24096290918675495
1.0141185058196511
-0.24091261773405767
1.014057732882836
-0.24068496517656052
1.013978189882684
-0.24084597340068634
1.0139563304539982
-0.2406880293687971
1.0138713985788208
-0.24084035522754213
1.0137925582511704
-0.24059221232260503
1.01381033753419
-0.24046422199651446
1.013613703254603
-0.24033929118225236
1.013613380433629
-0.24068649097745617
1.0135157529114216
-0.24098670969841687
1.0133817024936427
-0.2410536727483316
1.0134528865004353
-0.24056899857833308
1.0132705514434484
-0.24087020923044444
1.0132626129316669
-0.2410041093150922
1.0132180754269724
-0.24039520405162498
8.0
1.0
531.4289951127109
179.56121636842192
345.0
1.0108796625390624
-0.24095604694394876
1.010753280259197
-0.24109414836279947
1.0107061801819517
-0.2408108611447965
1.0106805647238164
-0.24112738567010372
1.010527346462305
-0.24109309407687346
1.0105935346490873
-0.24117653276542242
1.010523207811291
-0.24078091927031012
1.0104660983839215
-0.2407276632592069
1.0103162084502322
-0.2407839115629991
1.0103951201691888
-0.24077843034816332
1.0103226727574721
-0.24083937729495677
1.010205168898857
-0.2407484624267876
1.0100467820105725
-0.24106128679456496
1.0100887876190354
-0.24095207567430915
1.0099892702548443
-0.24096290918675495
1.0099117863482818
-0.24091261773405767
1.0098622323673185
-0.24068496517656052
1.0097780864425976
-0.24084597340068634
1.0097657580870854
-0.2406880293687971
1.0096867144903523
-0.24084035522754213
1.0096101426571906
-0.24059221232260503
1.00963758037761
-0.24046422199651446
1.0094402521427326
-0.24033929118225236
1.0094377171903035
-0.24068649097745617
1.0093459596798051
-0.24098670969841687
1.0092285022200593
-0.2410536727483316
1.0092981161733487
-0.24056899857833308
1.0091241213094624
-0.24087020923044444
1.0091157707791882
-0.2410041093150922
1.0090779441725444
-0.24039520405162498
9.0
1.0
6.607101158062569
-67.78220211695519
345.0
1.020318760108129
-0.24095604694394876
1.0203597714913892
-0.24109414836279947
1.0204174452752337
-0.2408108611447965
1.0204532043126848
-0.24112738567010372
1.0205117086979933
-0.24109309407687346
1.0205875999362484
-0.24117653276542242
1.0207429393252505
-0.24078091927031012
1.0208123320174272
-0.2407276632592069
1.020843638118538
-0.2407839115629991
1.0209035757278369
-0.24077843034816332
1.02101977665601
-0.24083937729495677
1.0210641155543516
-0.2407484624267876
1.0211468355663096
-0.24106128679456496
1.021272730617862
-0.24095207567430915
1.021322481323169
-0.24096290918675495
1.0213605588296515
-0.24091261773405767
1.0215403647770973
-0.24068496517656052
1.0214410568067394
-0.24084597340068634
1.0215403341418374
-0.2406880293687971
1.0216499885638324
-0.24084035522754213
1.0217177333643483
-0.24059221232260503
1.0218099033586545
-0.24046422199651446
1.0218876727925719
-0.24033929118225236
1.021887270097996
-0.24068649097745617
1.021919912735603
-0.24098670969841687
1.0219856679820138
-0.2410536727483316
1.0221697035322908
-0.24056899857833308
1.0221651046191822
-0.24087020923044444
1.0221574855981344
-0.2410041093150922
1.0223945577427684
-0.24039520405162498
10.0
1.0
0.0
0.0
345.0
1.052801394966063
-0.24095604694394876
1.0526534352154506
-0.24109414836279947
1.0526455862038109
-0.2408108611447965
1.0525988962915565
-0.24112738567010372
1.0524249213994281
-0.24109309407687346
1.0524491476376343
-0.24117653276542242
1.0523731415035489
-0.24078091927031012
1.0523119725323162
-0.2407276632592069
1.0521569356949392
-0.2407839115629991
1.0522016958408473
-0.24077843034816332
1.0521030980037351
-0.24083937729495677
1.0519920882778109
-0.2407484624267876
1.0518265878620534
-0.24106128679456496
1.0518360750835123
-0.24095207567430915
1.0517335960219116
-0.24096290918675495
1.0516577294725098
-0.24091261773405767
1.0515823335153807
-0.24068496517656052
1.051520148727405
-0.24084597340068634
1.0514802333182498
-0.2406880293687971
1.051364052799965
-0.24084035522754213
1.051286247346344
-0.24059221232260503
1.0512838478199633
-0.24046422199651446
1.051101704702899
-0.24033929118225236
1.0510963753710558
-0.24068649097745617
1.051015422298002
-0.24098670969841687
1.0508680974008062
-0.2410536727483316
1.0508903349166259
-0.24056899857833308
1.0507130623603742
-0.24087020923044444
1.0507267087174645
-0.2410041093150922
1.0506514313509037
-0.24039520405162498
11.0
1.0
0.0
0.0
345.0
1.0457261774750448
-0.24095604694394876
1.045578510832784
-0.24109414836279947
1.0455662533036079
-0.2408108611447965
1.045522315366585
-0.24112738567010372
1.045347620497861
-0.24109309407687346
1.0453793325934944
-0.24117653276542242
1.0453018423406837
-0.24078091927031012
1.0452424436711343
-0.2407276632592069
1.0450844095749583
-0.2407839115629991
1.0451360205835718
-0.24077843034816332
1.0450401176861495
-0.24083937729495677
1.0449273277753315
-0.2407484624267876
1.0447604222575844
-0.24106128679456496
1.0447755800436613
-0.24095207567430915
1.044673175563413
-0.24096290918675495
1.0445951160535039
-0.24091261773405767
1.044524766383824
-0.24068496517656052
1.0444583587765606
-0.24084597340068634
1.0444217044237736
-0.2406880293687971
1.0443107513200884
-0.24084035522754213
1.0442311303129321
-0.24059221232260503
1.044232588157628
-0.24046422199651446
1.0440473788219184
-0.24033929118225236
1.0440435611189898
-0.24068649097745617
1.0439619846863184
-0.24098670969841687
1.0438150853581993
-0.2410536727483316
1.043846799761121
-0.24056899857833308
1.0436645483354787
-0.24087020923044444
1.0436783393183815
-0.2410041093150922
1.0436073617924873
-0.24039520405162498
12.0
1.0
8.670061563258898
89.3893814611091
345.0
1.0334708764818368
-0.24095604694394876
1.033280830742633
-0.24109414836279947
1.0332706726456242
-0.2408108611447965
1.0332008853650023
-0.24112738567010372
1.033001736796881
-0.24109309407687346
1.0330298229137638
-0.24117653276542242
1.032924360362051
-0.24078091927031012
1.0328810638784411
-0.2407276632592069
1.0326685707888306
-0.2407839115629991
1.0327493277754904
-0.24077843034816332
1.0326228885838262
-0.24083937729495677
1.03252003570463
-0.2407484624267876
1.032332609949392
-0.24106128679456496
1.0323310865664481
-0.24095207567430915
1.0322288912656241
-0.24096290918675495
1.0321041358782093
-0.24091261773405767
1.0320702960551
-0.24068496517656052
1.0319830695117973
-0.24084597340068634
1.0319302806078108
-0.2406880293687971
1.0318087089557224
-0.24084035522754213
1.03169037066175
-0.24059221232260503
1.0316854237653428
-0.24046422199651446
1.0314786296687202
-0.24033929118225236
1.0314747174335899
-0.24068649097745617
1.0314287018758352
-0.24098670969841687
1.0312238631539647
-0.2410536727483316
1.0312723592928315
-0.24056899857833308
1.0310093702727434
-0.24087020923044444
1.031084773854485
-0.2410041093150922
1.0309853609455544
-0.24039520405162498
13.0
1.0
0.0
0.0
345.0
1.0459469878760432
-0.24095604694394876
1.045799057782675
-0.24109414836279947
1.0457962610240317
-0.2408108611447965
1.045748625255548
-0.24112738567010372
1.0455760477136957
-0.24109309407687346
1.0455961136122967
-0.24117653276542242
1.0455229884192174
-0.24078091927031012
1.0454600014643478
-0.2407276632592069
1.0453087807503108
-0.2407839115629991
1.0453484878477177
-0.24077843034816332
1.0452503699932318
-0.24083937729495677
1.0451393720929159
-0.2407484624267876
1.044979503008462
-0.24106128679456496
1.044986313383158
-0.24095207567430915
1.0448840592839408
-0.24096290918675495
1.0448115125298874
-0.24091261773405767
1.0447354419994441
-0.24068496517656052
1.04467774124792
-0.24084597340068634
1.044636139256876
-0.2406880293687971
1.044519189422445
-0.24084035522754213
1.0444414301095337
-0.24059221232260503
1.0444361301870595
-0.24046422199651446
1.0442579934460645
-0.24033929118225236
1.0442549211931302
-0.24068649097745617
1.044176637258109
-0.24098670969841687
1.0440304267630245
-0.2410536727483316
1.0440486649126237
-0.24056899857833308
1.0438753894205868
-0.24087020923044444
1.0438898131261085
-0.2410041093150922
1.0438128406400433
-0.24039520405162498
14.0
1.0
0.0
0.0
345.0
1.0330134978484293
-0.24095604694394876
1.0328753028023232
-0.24109414836279947
1.0328861362609045
-0.2408108611447965
1.032841490358625
-0.24112738567010372
1.032678455522298
-0.24109309407687346
1.032687128930235
-0.24117653276542242
1.0326283050528322
-0.24078091927031012
1.0325565943401218
-0.2407276632592069
1.0324285149316836
-0.2407839115629991
1.0324470560977523
-0.24077843034816332
1.0323568319404006
-0.24083937729495677
1.03224395115494
-0.2407484624267876
1.0321039862251842
-0.24106128679456496
1.032106615439062
-0.24095207567430915
1.0320049142964385
-0.24096290918675495
1.031952247120368
-0.24091261773405767
1.0318652394354897
-0.24068496517656052
1.0318248452157155
-0.24084597340068634
1.031782041174609
-0.2406880293687971
1.0316646479002656
-0.24084035522754213
1.0315962723528047
-0.24059221232260503
1.0315841638612049
-0.24046422199651446
1.031422137638828
-0.24033929118225236
1.0314247713632485
-0.24068649097745617
1.0313455296449532
-0.24098670969841687
1.031215556948405
-0.2410536727483316
1.0312177545858707
-0.24056899857833308
1.0310744989176137
-0.24087020923044444
1.0310768395154764
-0.2410041093150922
1.0310011954016023
-0.24039520405162498
15.0
1.0
325.42541101846547
155.75245368665742
345.0
1.0238974604147966
-0.24095604694394876
1.0238155581725663
-0.24109414836279947
1.02382610342879
-0.2408108611447965
1.0237458755421138
-0.24112738567010372
1.0236637651114422
-0.24109309407687346
1.0236244371199776
-0.24117653276542242
1.0236029928861534
-0.24078091927031012
1.0234939989025835
-0.2407276632592069
1.023450489383815
-0.2407839115629991
1.0234060812135128
-0.24077843034816332
1.0233176187897188
-0.24083937729495677
1.0232290778108681
-0.2407484624267876
1.0231789105500597
-0.24106128679456496
1.023131454644467
-0.24095207567430915
1.023050274718084
-0.24096290918675495
1.0230217979663547
-0.24091261773405767
1.0229229570466505
-0.24068496517656052
1.0229349710319644
-0.24084597340068634
1.022874497899893
-0.2406880293687971
1.0227654883325823
-0.24084035522754213
1.0227082939520094
-0.24059221232260503
1.022671520401309
-0.24046422199651446
1.0225524590415052
-0.24033929118225236
1.0225536263224457
-0.24068649097745617
1.022488141671858
-0.24098670969841687
1.0224009810126755
-0.2410536727483316
1.0223534019791756
-0.24056899857833308
1.0223089499876314
-0.24087020923044444
1.0222673627661834
-0.2410041093150922
1.022195576157944
-0.24039520405162498
16.0
1.0
334.63702615284507
32.82162694540989
345.0
1.038065920947197
-0.24095604694394876
1.03802340454297
-0.24109414836279947
1.0380394835896714
-0.2408108611447965
1.037964469820185
-0.24112738567010372
1.0379337897734373
-0.24109309407687346
1.0378941149109917
-0.24117653276542242
1.037868121818273
-0.24078091927031012
1.0378055285067922
-0.2407276632592069
1.0377819729632676
-0.2407839115629991
1.0377377786479929
-0.24077843034816332
1.0376893797736062
-0.24083937729495677
1.0376324682760403
-0.2407484624267876
1.0375832355934365
-0.24106128679456496
1.0375547259105025
-0.24095207567430915
1.037503488205591
-0.24096290918675495
1.037494353293653
-0.24091261773405767
1.037427120847924
-0.24068496517656052
1.0374231578074253
-0.24084597340068634
1.0373911189262073
-0.2406880293687971
1.037316497515324
-0.24084035522754213
1.03726757362106
-0.24059221232260503
1.037232439814507
-0.24046422199651446
1.0371768915565303
-0.24033929118225236
1.0371751430171339
-0.24068649097745617
1.0371164964550879
-0.24098670969841687
1.0370625380757972
-0.2410536727483316
1.0370301450253119
-0.24056899857833308
1.0369971199187582
-0.24087020923044444
1.0369839197504755
-0.2410041093150922
1.0369333354443642
-0.24039520405162498
17.0
1.0
0.0
0.0
345.0
1.0363531564953725
-0.24095604694394876
1.036306533363769
-0.24109414836279947
1.0363198941038907
-0.2408108611447965
1.0362642533414208
-0.24112738567010372
1.0362346783798955
-0.24109309407687346
1.036201674504355
-0.24117653276542242
1.0361751487613262
-0.24078091927031012
1.036118024504035
-0.2407276632592069
1.0360951172738613
-0.2407839115629991
1.0360584401397226
-0.24077843034816332
1.036030268624211
-0.24083937729495677
1.035967142580008
-0.2407484624267876
1.0359168077642131
-0.24106128679456496
1.0358921881667096
-0.24095207567430915
1.0358464015737758
-0.24096290918675495
1.0358459953095867
-0.24091261773405767
1.0357841362896274
-0.24068496517656052
1.0357822324589405
-0.24084597340068634
1.0357581819840724
-0.2406880293687971
1.0356941495422232
-0.24084035522754213
1.0356461945130766
-0.24059221232260503
1.035612168327728
-0.24046422199651446
1.0355719635949214
-0.24033929118225236
1.035570752413877
-0.24068649097745617
1.035516069198476
-0.24098670969841687
1.0354699186185077
-0.2410536727483316
1.0354489462258936
-0.24056899857833308
1.035408176099346
-0.24087020923044444
1.0354075194328656
-0.2410041093150922
1.0353590710128278
-0.24039520405162498
18.0
1.0
160.68487667665931
30.495132993793398
345.0
1.0325934137887487
-0.24095604694394876
1.0325284834341135
-0.24109414836279947
1.0325470270482013
-0.2408108611447965
1.032499145601202
-0.24112738567010372
1.0324544968949463
-0.24109309407687346
1.0324273955490426
-0.24117653276542242
1.0324007507673674
-0.24078091927031012
1.0323490021476085
-0.2407276632592069
1.032311159790614
-0.2407839115629991
1.0322860110532053
-0.24077843034816332
1.0322585485443456
-0.24083937729495677
1.032193818908721
-0.2407484624267876
1.032121725095293
-0.24106128679456496
1.0321017183576335
-0.24095207567430915
1.032056355319762
-0.24096290918675495
1.032044690734273
-0.24091261773405767
1.0319888641405963
-0.24068496517656052
1.0319826931634257
-0.24084597340068634
1.0319626854552484
-0.2406880293687971
1.0318889590015305
-0.24084035522754213
1.0318486040598744
-0.24059221232260503
1.03181773978701
-0.24046422199651446
1.0317686879469146
-0.24033929118225236
1.0317693647328081
-0.24068649097745617
1.0317129329392605
-0.24098670969841687
1.0316582077593146
-0.2410536727483316
1.0316415412127276
-0.24056899857833308
1.0315855804881793
-0.24087020923044444
1.0315912179328832
-0.2410041093150922
1.0315467621054566
-0.24039520405162498
19.0
1.0
0.0
0.0
345.0
1.0589942577487583
-0.24095604694394876
1.0590184417903559
-0.24109414836279947
1.0589998739621227
-0.2408108611447965
1.0589857501492355
-0.24112738567010372
1.0590006634350637
-0.24109309407687346
1.058977460214215
-0.24117653276542242
1.0589739994835685
-0.24078091927031012
1.0589557540246348
-0.2407276632592069
1.058959441228278
-0.2407839115629991
1.0589423170344419
-0.24077843034816332
1.0589216411761113
-0.24083937729495677
1.0589437070926142
-0.2407484624267876
1.0589131170001354
-0.24106128679456496
1.0589073311984374
-0.24095207567430915
1.0589153753069958
-0.24096290918675495
1.0589295637244327
-0.24091261773405767
1.058905359353253
-0.24068496517656052
1.0588950461617008
-0.24084597340068634
1.058894554831048
-0.2406880293687971
1.0588839845773972
-0.24084035522754213
1.0588765100451842
-0.24059221232260503
1.0588745548266096
-0.24046422199651446
1.0588731383148196
-0.24033929118225236
1.0588700766398627
-0.24068649097745617
1.0588571860711815
-0.24098670969841687
1.0588590796336428
-0.2410536727483316
1.0588279889707608
-0.24056899857833308
1.0588232459879883
-0.24087020923044444
1.0588497937588812
-0.2410041093150922
1.0588266038269585
-0.24039520405162498
20.0
1.0
690.3786252341919
104.74466650569295
345.0
0.9945191543579822
-0.24095604694394876
0.9946028422777571
-0.24109414836279947
0.9945327107295822
-0.2408108611447965
0.9945038264809056
-0.24112738567010372
0.9945605483865823
-0.24109309407687346
0.9944960942995899
-0.24117653276542242
0.9944783713616924
-0.24078091927031012
0.994443927053701
-0.2407276632592069
0.9944589595066662
-0.2407839115629991
0.9944264279102298
-0.24077843034816332
0.9943821113950239
-0.24083937729495677
0.9944659811568569
-0.2407484624267876
0.9943624188450483
-0.24106128679456496
0.9943475544832996
-0.24095207567430915
0.9944045795796913
-0.24096290918675495
0.9944303490612809
-0.24091261773405767
0.9943740754161386
-0.24068496517656052
0.9943408486920496
-0.24084597340068634
0.99435266519008
-0.2406880293687971
0.9943396868350546
-0.24084035522754213
0.9943237398167688
-0.24059221232260503
0.9943360625377502
-0.24046422199651446
0.9943317490696503
-0.24033929118225236
0.9943298215251024
-0.24068649097745617
0.9942870232159161
-0.24098670969841687
0.9943189768481928
-0.2410536727483316
0.9942341410762281
-0.24056899857833308
0.9942223507688345
-0.24087020923044444
0.9942911562357915
-0.2410041093150922
0.9942428159640443
-0.24039520405162498
21.0
1.0
278.6230276141945
116.9579259924006
345.0
1.040459775822802
-0.24095604694394876
1.0404241544186865
-0.24109414836279947
1.0404481033147106
-0.2408108611447965
1.0403670856249734
-0.24112738567010372
1.0403410494172618
-0.24109309407687346
1.0402977985658055
-0.24117653276542242
1.0402752207647976
-0.24078091927031012
1.0402289139923273
-0.2407276632592069
1.0402088489081054
-0.2407839115629991
1.0401523584988854
-0.24077843034816332
1.0401290241532744
-0.24083937729495677
1.0400583247771387
-0.2407484624267876
1.0400090869492202
-0.24106128679456496
1.0399947845020563
-0.24095207567430915
1.0399447908700457
-0.24096290918675495
1.0399217413033937
-0.24091261773405767
1.0398637066444971
-0.24068496517656052
1.0398586454842467
-0.24084597340068634
1.039839559564991
-0.2406880293687971
1.0397622934831852
-0.24084035522754213
1.0397183353634494
-0.24059221232260503
1.039686091621183
-0.24046422199651446
1.0396380054506877
-0.24033929118225236
1.0396111586867243
-0.24068649097745617
1.0395578590361698
-0.24098670969841687
1.039514927551716
-0.2410536727483316
1.0394839007216221
-0.24056899857833308
1.0394731090184
-0.24087020923044444
1.0394358942790165
-0.2410041093150922
1.0393909062761697
-0.24039520405162498
22.0
1.0
0.0
0.0
345.0
1.0595894687688274
-0.24095604694394876
1.0595601297552446
-0.24109414836279947
1.0595712472013596
-0.2408108611447965
1.0595343740715064
-0.24112738567010372
1.0595077187464625
-0.24109309407687346
1.0594929349749933
-0.24117653276542242
1.0594719508819166
-0.24078091927031012
1.0594523866022214
-0.2407276632592069
1.059435482229129
-0.2407839115629991
1.0594133578755935
-0.24077843034816332
1.0593974448830963
-0.24083937729495677
1.0593600934750853
-0.2407484624267876
1.05933084037744
-0.24106128679456496
1.0593168227943104
-0.24095207567430915
1.0592859338228318
-0.24096290918675495
1.0592616386604998
-0.24091261773405767
1.0592274154700907
-0.24068496517656052
1.0592330274175796
-0.24084597340068634
1.0592235123493352
-0.2406880293687971
1.059167305118229
-0.24084035522754213
1.0591598918424596
-0.24059221232260503
1.0591338243847013
-0.24046422199651446
1.0591044981277575
-0.24033929118225236
1.0590851972039161
-0.24068649097745617
1.0590586535376605
-0.24098670969841687
1.059026753598826
-0.2410536727483316
1.0590190349989481
-0.24056899857833308
1.059003152056972
-0.24087020923044444
1.058975180314533
-0.2410041093150922
1.058958129786476
-0.24039520405162498
23.0
1.0
251.6320642111448
86.02120892992569
345.0
1.0521872772218592
-0.24095604694394876
1.0521578832953329
-0.24109414836279947
1.0521660737908778
-0.2408108611447965
1.0521269860192528
-0.24112738567010372
1.0521009722040546
-0.24109309407687346
1.052093536380226
-0.24117653276542242
1.0520623760804697
-0.24078091927031012
1.0520369755110563
-0.2407276632592069
1.0520230381144398
-0.2407839115629991
1.051999822525424
-0.24077843034816332
1.0519821002087701
-0.24083937729495677
1.05194074854433
-0.2407484624267876
1.0519171117880015
-0.24106128679456496
1.0519015517367645
-0.24095207567430915
1.0518714712620474
-0.24096290918675495
1.051838862509141
-0.24091261773405767
1.0518079294652904
-0.24068496517656052
1.0518133914407732
-0.24084597340068634
1.0518040067629892
-0.2406880293687971
1.0517435425255193
-0.24084035522754213
1.0517438942916923
-0.24059221232260503
1.0516986592961481
-0.24046422199651446
1.0516733860480805
-0.24033929118225236
1.051657467333999
-0.24068649097745617
1.0516309915309596
-0.24098670969841687
1.051593395813255
-0.2410536727483316
1.0515978946439777
-0.24056899857833308
1.0515682811299825
-0.24087020923044444
1.0515436817030925
-0.2410041093150922
1.051527006513906
-0.24039520405162498
24.0
1.0
314.339131535141
-93.98318319985779
345.0
1.0428102488753457
-0.24095604694394876
1.042778302854698
-0.24109414836279947
1.0427949528417142
-0.2408108611447965
1.0427134905072823
-0.24112738567010372
1.042695017698302
-0.24109309407687346
1.0426541433462986
-0.24117653276542242
1.042627257731435
-0.24078091927031012
1.0425723768465707
-0.2407276632592069
1.0425468389884547
-0.2407839115629991
1.0425089080709222
-0.24077843034816332
1.0424606910779886
-0.24083937729495677
1.0424146548015858
-0.2407484624267876
1.042362024462692
-0.24106128679456496
1.0423274219502778
-0.24095207567430915
1.0422800672526165
-0.24096290918675495
1.0422792765178068
-0.24091261773405767
1.0422133293499842
-0.24068496517656052
1.042208284162151
-0.24084597340068634
1.0421747285898113
-0.2406880293687971
1.0421097052061499
-0.24084035522754213
1.0420537495669404
-0.24059221232260503
1.0420240466555564
-0.24046422199651446
1.0419714510212807
-0.24033929118225236
1.0419765272766583
-0.24068649097745617
1.0419098996937313
-0.24098670969841687
1.0418581234982296
-0.2410536727483316
1.0418375801897215
-0.24056899857833308
1.041796337967352
-0.24087020923044444
1.041795404258186
-0.2410041093150922
1.0417507306396372
-0.24039520405162498
25.0
1.0
227.94417784058518
47.986315841239026
345.0
1.056680964766096
-0.24095604694394876
1.0566802379067182
-0.24109414836279947
1.0566906309672228
-0.2408108611447965
1.0566717042508782
-0.24112738567010372
1.0566848023183444
-0.24109309407687346
1.0566877812988744
-0.24117653276542242
1.0566956929869533
-0.24078091927031012
1.0566827919102677
-0.2407276632592069
1.0566924581415456
-0.2407839115629991
1.0566939628573344
-0.24077843034816332
1.0566980169434013
-0.24083937729495677
1.0566959798444422
-0.2407484624267876
1.056699564876886
-0.24106128679456496
1.056697125210948
-0.24095207567430915
1.0566981842400531
-0.24096290918675495
1.0567155670594588
-0.24091261773405767
1.0567202380319167
-0.24068496517656052
1.0567227337774936
-0.24084597340068634
1.056718845054839
-0.2406880293687971
1.056727696215915
-0.24084035522754213
1.0567264249559445
-0.24059221232260503
1.0567197735944631
-0.24046422199651446
1.0567289390866048
-0.24033929118225236
1.056735549710774
-0.24068649097745617
1.056729177747298
-0.24098670969841687
1.0567254652174451
-0.2410536727483316
1.0567497122022862
-0.24056899857833308
1.0567485809967425
-0.24087020923044444
1.0567470785951352
-0.2410041093150922
1.0567483399633562
-0.24039520405162498
26.0
1.0
141.31572270126907
17.295410749923246
345.0
1.0507869701016401
-0.24095604694394876
1.0507962757252196
-0.24109414836279947
1.0507992135914221
-0.2408108611447965
1.0507813942334605
-0.24112738567010372
1.050809985753881
-0.24109309407687346
1.0508037330781241
-0.24117653276542242
1.050809509299095
-0.24078091927031012
1.0507708842400152
-0.2407276632592069
1.0507989981009924
-0.2407839115629991
1.0507948602409656
-0.24077843034816332
1.050803569949692
-0.24083937729495677
1.0507911661474798
-0.2407484624267876
1.0508108317338913
-0.24106128679456496
1.0508109597171158
-0.24095207567430915
1.0507929129767786
-0.24096290918675495
1.0508385110611682
-0.24091261773405767
1.0508310785785988
-0.24068496517656052
1.0508472333553216
-0.24084597340068634
1.0508428034186221
-0.2406880293687971
1.050852200128231
-0.24084035522754213
1.0508380562478827
-0.24059221232260503
1.0508224715085093
-0.24046422199651446
1.0508367696806096
-0.24033929118225236
1.0508533472038777
-0.24068649097745617
1.0508430525328765
-0.24098670969841687
1.0508424618827148
-0.2410536727483316
1.0508837606983235
-0.24056899857833308
1.0508793547870179
-0.24087020923044444
1.0508774983953297
-0.2410041093150922
1.050863542011641
-0.24039520405162498
27.0
1.0
285.58832489711654
76.72342167810763
345.0
1.0356256071740735
-0.24095604694394876
1.0356090561371345
-0.24109414836279947
1.035606439419502
-0.2408108611447965
1.0355728097394394
-0.24112738567010372
1.0355764846732334
-0.24109309407687346
1.0355448111820624
-0.24117653276542242
1.03551793107741
-0.24078091927031012
1.0354608315587195
-0.2407276632592069
1.0354701512968085
-0.2407839115629991
1.0354246638251718
-0.24077843034816332
1.0354348223883973
-0.24083937729495677
1.0353633176718813
-0.2407484624267876
1.0353565931977295
-0.24106128679456496
1.035329578051717
-0.24095207567430915
1.035294155837804
-0.24096290918675495
1.0353335178408125
-0.24091261773405767
1.0352704145984806
-0.24068496517656052
1.0352815398674078
-0.24084597340068634
1.0352647561812425
-0.2406880293687971
1.0352416614230158
-0.24084035522754213
1.03518056685898
-0.24059221232260503
1.0351423063933638
-0.24046422199651446
1.0351506704529658
-0.24033929118225236
1.0351464326776083
-0.24068649097745617
1.0351035387824226
-0.24098670969841687
1.0350908338861389
-0.2410536727483316
1.0350831365357096
-0.24056899857833308
1.03505932108787
-0.24087020923044444
1.035069517248056
-0.2410041093150922
1.035017791795907
-0.24039520405162498
28.0
1.0
209.5421835514384
28.04543424994344
345.0
1.0493015400284333
-0.24095604694394876
1.049338366408616
-0.24109414836279947
1.0493542150719133
-0.2408108611447965
1.0493708746482056
-0.24112738567010372
1.0494604198065582
-0.24109309407687346
1.0494937977878627
-0.24117653276542242
1.0495462260440995
-0.24078091927031012
1.049541068258515
-0.2407276632592069
1.0495946439210113
-0.2407839115629991
1.0496566972672776
-0.24077843034816332
1.0496776727294252
-0.24083937729495677
1.049766626148326
-0.2407484624267876
1.0498360446244315
-0.24106128679456496
1.049911485311642
-0.24095207567430915
1.0499045059972076
-0.24096290918675495
1.0499582904855838
-0.24091261773405767
1.050049863625869
-0.24068496517656052
1.0500773071969942
-0.24084597340068634
1.0501101284248051
-0.2406880293687971
1.0501545725792416
-0.24084035522754213
1.0502364698020694
-0.24059221232260503
1.0502385766167344
-0.24046422199651446
1.0502690262091992
-0.24033929118225236
1.0503272802591124
-0.24068649097745617
1.0503794333289667
-0.24098670969841687
1.0504094409407758
-0.2410536727483316
1.050541459837503
-0.24056899857833308
1.0505737045808972
-0.24087020923044444
1.0505588030625748
-0.2410041093150922
1.0505931964661295
-0.24039520405162498
29.0
1.0
288.5246688349955
27.33903524790027
345.0
1.0505452601439031
-0.24095604694394876
1.0505947612171325
-0.24109414836279947
1.050629982278754
-0.2408108611447965
1.0506474856026544
-0.24112738567010372
1.0507606726929108
-0.24109309407687346
1.0508078986821032
-0.24117653276542242
1.0508787107954785
-0.24078091927031012
1.0509114165921392
-0.2407276632592069
1.0509627246702435
-0.2407839115629991
1.051041461446813
-0.24077843034816332
1.0510697981747548
-0.24083937729495677
1.0511896420416218
-0.2407484624267876
1.0512725113424923
-0.24106128679456496
1.0513679539845635
-0.24095207567430915
1.0513886611276917
-0.24096290918675495
1.0514305263153763
-0.24091261773405767
1.0515670109549624
-0.24068496517656052
1.0515866869781767
-0.24084597340068634
1.051627783537186
-0.2406880293687971
1.0517013851274584
-0.24084035522754213
1.0518091843328388
-0.24059221232260503
1.0518294229618488
-0.24046422199651446
1.0518657759452401
-0.24033929118225236
1.0519431944226956
-0.24068649097745617
1.0520044050405981
-0.24098670969841687
1.0520629979053933
-0.2410536727483316
1.0522056143276506
-0.24056899857833308
1.0522485351573165
-0.24087020923044444
1.052233693029246
-0.2410041093150922
1.0522998235662118
-0.24039520405162498
30.0
2.0
0.0
0.0
345.0
1.0461307168198715
-0.24095604694394876
1.0460999204563182
-0.24109414836279947
1.0461016939199987
-0.2408108611447965
1.0461126763523447
-0.24112738567010372
1.0460772588431857
-0.24109309407687346
1.0460440535633277
-0.24117653276542242
1.0460368359655245
-0.24078091927031012
1.0460613498889122
-0.2407276632592069
1.0460169084266366
-0.2407839115629991
1.0459989910630911
-0.24077843034816332
1.045979454945805
-0.24083937729495677
1.0459742177813116
-0.2407484624267876
1.04591678179788
-0.24106128679456496
1.0459235815694976
-0.24095207567430915
1.0459065365370783
-0.24096290918675495
1.0458688897005162
-0.24091261773405767
1.045853534468463
-0.24068496517656052
1.0458191181820244
-0.24084597340068634
1.0458333344297852
-0.2406880293687971
1.0457730508701442
-0.24084035522754213
1.045782845176006
-0.24059221232260503
1.045792032280997
-0.24046422199651446
1.0457669762681743
-0.24033929118225236
1.0457313804417743
-0.24068649097745617
1.0457060840240309
-0.24098670969841687
1.0456917723265844
-0.2410536727483316
1.0456446357231621
-0.24056899857833308
1.0456179483190389
-0.24087020923044444
1.04561599688721
-0.2410041093150922
1.045631346679648
-0.24039520405162498
31.0
3.0
9.368190363655593
4.672980199937591
345.0
1.0384089109147054
-0.24095604694394876
1.0382896299671895
-0.24109414836279947
1.0382706303212452
-0.2408108611447965
1.0382394460583304
-0.24112738567010372
1.0380887668374565
-0.24109309407687346
1.0381292602322605
-0.24117653276542242
1.038062768787427
-0.24078091927031012
1.0380117573188412
-0.2407276632592069
1.0378773758881106
-0.2407839115629991
1.0379279511972734
-0.24077843034816332
1.0378535720839215
-0.24083937729495677
1.037751657464842
-0.2407484624267876
1.0376058493244749
-0.24106128679456496
1.0376327475369356
-0.24095207567430915
1.037540295632608
-0.24096290918675495
1.0374747981861387
-0.24091261773405767
1.0374157822969972
-0.24068496517656052
1.0373548746662122
-0.24084597340068634
1.037330636508127
-0.2406880293687971
1.0372426210547323
-0.24084035522754213
1.0371747368421729
-0.24059221232260503
1.037184001094545
-0.24046422199651446
1.0370216332892985
-0.24033929118225236
1.0370196948764312
-0.24068649097745617
1.0369406612512875
-0.24098670969841687
1.0368212569606567
-0.2410536727483316
1.0368622755725065
-0.24056899857833308
1.0367079162098416
-0.24087020923044444
1.0367078167383101
-0.2410041093150922
1.0366590213414935
-0.24039520405162498
32.0
2.0
0.0
0.0
345.0
1.0395012956673342
-0.24095604694394876
1.039354216594446
-0.24109414836279947
1.0393396295605675
-0.2408108611447965
1.039270982042729
-0.24112738567010372
1.039093693718766
-0.24109309407687346
1.0390789017930875
-0.24117653276542242
1.0389856340218317
-0.24078091927031012
1.0389208330941702
-0.2407276632592069
1.0387608398778847
-0.2407839115629991
1.0387796784723684
-0.24077843034816332
1.038648647341241
-0.24083937729495677
1.0385540750195725
-0.2407484624267876
1.0383464821932356
-0.24106128679456496
1.0383235743833006
-0.24095207567430915
1.0382167271095346
-0.24096290918675495
1.0381349956251467
-0.24091261773405767
1.0380101637561339
-0.24068496517656052
1.0379479658943949
-0.24084597340068634
1.0378913915043038
-0.2406880293687971
1.0377274080180678
-0.24084035522754213
1.0376681379911632
-0.24059221232260503
1.0376524968299943
-0.24046422199651446
1.037462392637865
-0.24033929118225236
1.0374209038589137
-0.24068649097745617
1.0373192181162738
-0.24098670969841687
1.0371564532194706
-0.2410536727483316
1.037122102972535
-0.24056899857833308
1.0369560247990508
-0.24087020923044444
1.0369605651357359
-0.2410041093150922
1.0368570626391542
-0.24039520405162498
33.0
2.0
0.0
0.0
345.0
1.0060447895371707
-0.24095604694394876
1.0060473542451074
-0.24109414836279947
1.0060668610519006
-0.2408108611447965
1.00611911965751
-0.24112738567010372
1.0061208633271672
-0.24109309407687346
1.0061633662024654
-0.24117653276542242
1.006192285412452
-0.24078091927031012
1.0062323692077797
-0.2407276632592069
1.0062456319992727
-0.2407839115629991
1.0062698377456958
-0.24077843034816332
1.0063053520366156
-0.24083937729495677
1.0063109628711038
-0.2407484624267876
1.0063879650930219
-0.24106128679456496
1.0064124436811008
-0.24095207567430915
1.0064105662278928
-0.24096290918675495
1.0064256466791568
-0.24091261773405767
1.0064792613427962
-0.24068496517656052
1.0064918315102198
-0.24084597340068634
1.006501954809468
-0.2406880293687971
1.0065493919946438
-0.24084035522754213
1.00658354933108
-0.24059221232260503
1.0065912417920806
-0.24046422199651446
1.006636201363432
-0.24033929118225236
1.0066338224791085
-0.24068649097745617
1.0066933535950509
-0.24098670969841687
1.0067047625978964
-0.2410536727483316
1.006746246394458
-0.24056899857833308
1.0067728564850964
-0.24087020923044444
1.0067739578898625
-0.2410041093150922
1.0068065032573312
-0.24039520405162498
34.0
2.0
0.0
0.0
345.0
1.0129782527935314
-0.24095604694394876
1.0129934335182849
-0.24109414836279947
1.0130030622198651
-0.2408108611447965
1.0130477390827286
-0.24112738567010372
1.0130557074374564
-0.24109309407687346
1.0130854634169797
-0.24117653276542242
1.0131140159320293
-0.24078091927031012
1.0131429184421348
-0.2407276632592069
1.0131572486327924
-0.2407839115629991
1.0131717987247095
-0.24077843034816332
1.0131941470034564
-0.24083937729495677
1.0132121193293435
-0.2407484624267876
1.0132722541348378
-0.24106128679456496
1.0132932120782305
-0.24095207567430915
1.0132934772296458
-0.24096290918675495
1.0133177256519712
-0.24091261773405767
1.0133566096546658
-0.24068496517656052
1.0133619019342703
-0.24084597340068634
1.0133712450950696
-0.2406880293687971
1.0134109119590573
-0.24084035522754213
1.0134418709008068
-0.24059221232260503
1.013447876720694
-0.24046422199651446
1.0134921377116073
-0.24033929118225236
1.0134866118339505
-0.24068649097745617
1.0135397422792987
-0.24098670969841687
1.0135508040811754
-0.2410536727483316
1.01357320067606
-0.24056899857833308
1.0135972175392185
-0.24087020923044444
1.013614808984904
-0.2410041093150922
1.0136334874642918
-0.24039520405162498
35.0
2.0
0.0
0.0
345.0
1.0563888706500286
-0.24095604694394876
1.0563642950484582
-0.24109414836279947
1.056364600252713
-0.2408108611447965
1.0563715268582252
-0.24112738567010372
1.0563397853908654
-0.24109309407687346
1.0563352608379977
-0.24117653276542242
1.0563257170494604
-0.24078091927031012
1.056340296880647
-0.2407276632592069
1.0563184501454754
-0.2407839115629991
1.0563286073426816
-0.24077843034816332
1.0563143618753892
-0.24083937729495677
1.0563194719887052
-0.2407484624267876
1.0562902276272188
-0.24106128679456496
1.0562720381783015
-0.24095207567430915
1.0562572534719303
-0.24096290918675495
1.056242857223466
-0.24091261773405767
1.0562158739597152
-0.24068496517656052
1.0562319042450887
-0.24084597340068634
1.0562276221293696
-0.2406880293687971
1.0561878319807563
-0.24084035522754213
1.0562093772290368
-0.24059221232260503
1.0562158904747232
-0.24046422199651446
1.056194934198709
-0.24033929118225236
1.0561714234623112
-0.24068649097745617
1.0561670218395882
-0.24098670969841687
1.0561494445001554
-0.2410536727483316
1.0561356751710789
-0.24056899857833308
1.0561344023356503
-0.24087020923044444
1.056109967806564
-0.2410041093150922
1.056113800429802
-0.24039520405162498
36.0
2.0
0.0
0.0
345.0
1.0503759321387287
-0.24095604694394876
1.0503426371601727
-0.24109414836279947
1.0503468385123962
-0.2408108611447965
1.0503807933627627
-0.24112738567010372
1.0503377449403453
-0.24109309407687346
1.0503542155235808
-0.24117653276542242
1.050357530527524
-0.24078091927031012
1.0503940741228797
-0.2407276632592069
1.0503702493120233
-0.2407839115629991
1.0504029932900458
-0.24077843034816332
1.0504055617666639
-0.24083937729495677
1.0504122570462693
-0.2407484624267876
1.050405697348765
-0.24106128679456496
1.0503960829666574
-0.24095207567430915
1.0503767964985828
-0.24096290918675495
1.0503613430854988
-0.24091261773405767
1.05035589914808
-0.24068496517656052
1.0503876137608579
-0.24084597340068634
1.0503970707487382
-0.2406880293687971
1.0503686244038044
-0.24084035522754213
1.0503965537774103
-0.24059221232260503
1.050420362700765
-0.24046422199651446
1.0504030525175994
-0.24033929118225236
1.0503858332896336
-0.24068649097745617
1.0503989390607653
-0.24098670969841687
1.0503878637385873
-0.2410536727483316
1.0504048548978555
-0.24056899857833308
1.050404809494681
-0.24087020923044444
1.05036878389367
-0.2410041093150922
1.0504001372367202
-0.24039520405162498
37.0
2.0
0.0
0.0
345.0
1.030639629706616
-0.24095604694394876
1.0306625937762026
-0.24109414836279947
1.0306617141020535
-0.2408108611447965
1.0307206076307989
-0.24112738567010372
1.0307545412152985
-0.24109309407687346
1.0307838735179544
-0.24117653276542242
1.0308146812788892
-0.24078091927031012
1.0308632228631818
-0.2407276632592069
1.0308761887301168
-0.2407839115629991
1.030897302568148
-0.24077843034816332
1.0309275296074318
-0.24083937729495677
1.0309555837931128
-0.2407484624267876
1.0310031798254737
-0.24106128679456496
1.0310427327245375
-0.24095207567430915
1.031082619689911
-0.24096290918675495
1.031089693946829
-0.24091261773405767
1.0311396829987678
-0.24068496517656052
1.0311844535013055
-0.24084597340068634
1.0312110792725606
-0.2406880293687971
1.0312696479022518
-0.24084035522754213
1.0312870477693967
-0.24059221232260503
1.0313217356249125
-0.24046422199651446
1.031359843797257
-0.24033929118225236
1.0313591027736886
-0.24068649097745617
1.031414720053019
-0.24098670969841687
1.0314643108641277
-0.2410536727483316
1.0314872658381478
-0.24056899857833308
1.0315105198774022
-0.24087020923044444
1.0315194529046714
-0.2410041093150922
1.0315922059797797
-0.24039520405162498
38.0
2.0
0.0
0.0
345.0
1.0225193649203883
-0.24095604694394876
1.022592832362289
-0.24109414836279947
1.022664307714269
-0.2408108611447965
1.0226744384168007
-0.24112738567010372
1.0228261705161132
-0.24109309407687346
1.0228988561828447
-0.24117653276542242
1.0229866739061149
-0.24078091927031012
1.0231111353428808
-0.2407276632592069
1.023165032457927
-0.2407839115629991
1.0232569177397088
-0.24077843034816332
1.023281436927736
-0.24083937729495677
1.0234808868730376
-0.2407484624267876
1.0235640677510816
-0.24106128679456496
1.0237006853135253
-0.24095207567430915
1.0237800347221024
-0.24096290918675495
1.023782176952383
-0.24091261773405767
1.0239998374043924
-0.24068496517656052
1.024000290299126
-0.24084597340068634
1.0240431156790688
-0.2406880293687971
1.0241823123451665
-0.24084035522754213
1.0243260690825153
-0.24059221232260503
1.0243908363997714
-0.24046422199651446
1.0244223683072504
-0.24033929118225236
1.0245356633178482
-0.24068649097745617
1.024634051991654
-0.24098670969841687
1.0247209833563728
-0.2410536727483316
1.0248407379718785
-0.24056899857833308
1.024926664584771
-0.24087020923044444
1.0249229850960633
-0.2410041093150922
1.0250466963169786
-0.24039520405162498
39.0
2.0
1120.6157329472255
253.83529042636707
345.0
0.9932042382448464
-0.24095604694394876
0.9933672195006016
-0.24109414836279947
0.9934743165937986
-0.2408108611447965
0.9935449138798754
-0.24112738567010372
0.9937625553680081
-0.24109309407687346
0.993819666608925
-0.24117653276542242
0.9941092970479424
-0.24078091927031012
0.9942622455102005
-0.2407276632592069
0.994418936117067
-0.2407839115629991
0.9944747182302014
-0.24077843034816332
0.9946804858009405
-0.24083937729495677
0.994849907407544
-0.2407484624267876
0.9950918811276105
-0.24106128679456496
0.9952563011500004
-0.24095207567430915
0.9953971806625483
-0.24096290918675495
0.9954747428628803
-0.24091261773405767
0.9958455996404726
-0.24068496517656052
0.9957119828444593
-0.24084597340068634
0.9958929949120279
-0.2406880293687971
0.996114500692406
-0.24084035522754213
0.9962687427064782
-0.24059221232260503
0.9963721488979195
-0.24046422199651446
0.9966437662344099
-0.24033929118225236
0.9966406441915648
-0.24068649097745617
0.9967567491990693
-0.24098670969841687
0.9969597111565772
-0.2410536727483316
0.9972011155964416
-0.24056899857833308
0.9972934190517608
-0.24087020923044444
0.9973036720824593
-0.2410041093150922
0.9976789374976
-0.24039520405162498
1.0
2.0
1.0
39.0
2.0
3.0
2.0
25.0
2.0
30.0
3.0
4.0
3.0
18.0
4.0
5.0
4.0
14.0
5.0
6.0
5.0
8.0
6.0
7.0
6.0
11.0
6.0
31.0
7.0
8.0
8.0
9.0
9.0
39.0
10.0
11.0
10.0
13.0
10.0
32.0
12.0
11.0
12.0
13.0
13.0
14.0
14.0
15.0
15.0
16.0
16.0
17.0
16.0
19.0
16.0
21.0
16.0
24.0
17.0
18.0
17.0
27.0
19.0
20.0
19.0
33.0
20.0
34.0
21.0
22.0
22.0
23.0
22.0
35.0
23.0
24.0
23.0
36.0
25.0
26.0
25.0
37.0
26.0
27.0
26.0
28.0
26.0
29.0
28.0
29.0
29.0
38.0
