9.0
30.0
9.0
1.0
3.0
0.0
0.0
345.0
1.0651476720906499
0.0
1.0651845829699755
0.0
1.0652569026931848
0.0
1.065224093835776
0.0
1.065203484978682
0.0
1.065182070032679
0.0
1.0651534506226232
0.0
1.0651620820800587
0.0
1.0651851088220121
0.0
1.0651690600771795
0.0
1.0651339162261468
0.0
1.065144695997406
0.0
1.0651661551892992
0.0
1.0651066706162677
0.0
1.0650910747379496
0.0
1.0651060175249314
0.0
1.065162797230006
0.0
1.06511223637404
0.0
1.0650975754981942
0.0
1.0651008417332095
0.0
1.0650426738754113
0.0
1.0650218593906589
0.0
1.0650680655945701
0.0
1.065026625336164
0.0
1.0650502289809989
0.0
1.0650095052650044
0.0
1.0650461006705925
0.0
1.0649935478118793
0.0
1.0650591762142456
0.0
1.065000059119115
0.0
2.0
2.0
0.0
0.0
345.0
1.0758924001400403
0.0
1.0758814154850813
0.0
1.075917615981964
0.0
1.0760567899824287
0.0
1.0760539265091753
0.0
1.0761243824603113
0.0
1.0762666561936394
0.0
1.0762523313147576
0.0
1.07633929475817
0.0
1.0764418906239832
0.0
1.0765543637031507
0.0
1.0766035466315549
0.0
1.0765840154467259
0.0
1.0767652298308532
0.0
1.0768092400157996
0.0
1.0768846487969406
0.0
1.0768790868648719
0.0
1.0769963031850998
0.0
1.0770821142038982
0.0
1.077137551562631
0.0
1.0772247513837072
0.0
1.0772648283456707
0.0
1.0773263438006806
0.0
1.0774238758813532
0.0
1.0776316403883872
0.0
1.077571725895485
0.0
1.0776630203171134
0.0
1.0778203426029767
0.0
1.0777462149056383
0.0
1.0778984911092515
0.0
3.0
2.0
0.0
0.0
345.0
1.0971027859513327
0.0
1.0971093980806843
0.0
1.0971124416818208
0.0
1.0971178044558745
0.0
1.0971143584531033
0.0
1.097124264771243
0.0
1.0971245216897014
0.0
1.097125101954024
0.0
1.0971342073309172
0.0
1.0971434759014702
0.0
1.09714053150307
0.0
1.0971423976353112
0.0
1.0971495961074176
0.0
1.097152106986699
0.0
1.0971544779938003
0.0
1.097156767392639
0.0
1.0971631913665045
0.0
1.097168507275859
0.0
1.0971714823044962
0.0
1.097170162023724
0.0
1.0971762103131903
0.0
1.0971741804158317
0.0
1.0971778256736988
0.0
1.0971846775582186
0.0
1.0971990251558181
0.0
1.0971946172015512
0.0
1.097199046620746
0.0
1.0972024909802216
0.0
1.0971985907393937
0.0
1.0972040372979837
0.0
4.0
1.0
0.0
0.0
345.0
1.0653842620809302
0.0
1.0654247922963411
0.0
1.0654996632503855
0.0
1.0654399163770893
0.0
1.0654214240890423
0.0
1.0653880092160393
0.0
1.0653375462990082
0.0
1.0653483574323754
0.0
1.0653617328896565
0.0
1.0653290202077708
0.0
1.0652733130865584
0.0
1.0652804645724288
0.0
1.065304998467419
0.0
1.0652164895925698
0.0
1.0651868671248672
0.0
1.0651976211447551
0.0
1.065255344062986
0.0
1.0651881756418247
0.0
1.0651587412167232
0.0
1.06514947477828
0.0
1.0650783747788812
0.0
1.065049615157748
0.0
1.0650907568860433
0.0
1.0650319967236133
0.0
1.065024768417951
0.0
1.0649924343990094
0.0
1.0650149716456996
0.0
1.0649358498417971
0.0
1.0650178526073144
0.0
1.0649285838110911
0.0
5.0
1.0
91.70045712703512
30.459717922901348
345.0
1.062716826527044
0.0
1.062737595951054
0.0
1.0627457941491658
0.0
1.0627188406415364
0.0
1.0626807057884176
0.0
1.0626472038913837
0.0
1.062531545190212
0.0
1.0625709545945115
0.0
1.0625588163686734
0.0
1.0625203510796914
0.0
1.0624372067307455
0.0
1.0623858454825275
0.0
1.062439249899478
0.0
1.0623285117203345
0.0
1.0622976024644475
0.0
1.0622694441222371
0.0
1.06231410242964
0.0
1.0622193841042786
0.0
1.0622255062839798
0.0
1.0621981380909227
0.0
1.062100048556462
0.0
1.0620827795839054
0.0
1.0620685888876573
0.0
1.0620195905962146
0.0
1.0619910308766365
0.0
1.0619503439282294
0.0
1.0619382602833876
0.0
1.0618660337076082
0.0
1.0619171335931095
0.0
1.0618108794241898
0.0
6.0
1.0
0.0
0.0
345.0
1.0999840683680324
0.0
1.0999845280372833
0.0
1.099984593526848
0.0
1.099985086616826
0.0
1.0999851822949531
0.0
1.0999858805123883
0.0
1.0999865879505246
0.0
1.0999861743607728
0.0
1.0999869949339542
0.0
1.0999875418986023
0.0
1.0999877198256056
0.0
1.0999881659347244
0.0
1.0999885700171566
0.0
1.099988730103401
0.0
1.0999897220416728
0.0
1.0999892729475884
0.0
1.0999898108992547
0.0
1.0999902481115489
0.0
1.0999903846219292
0.0
1.0999908460379413
0.0
1.0999913662037273
0.0
1.0999910868840876
0.0
1.0999911832007125
0.0
1.0999914946714582
0.0
1.0999919741075166
0.0
1.099991792376985
0.0
1.0999920715700395
0.0
1.0999919674106238
0.0
1.099991797380829
0.0
1.099992000520266
0.0
7.0
1.0
101.61594769353856
35.62993055597728
345.0
1.0795825667852612
0.0
1.079566303131757
0.0
1.079564448528168
0.0
1.0795588804051877
0.0
1.0795812398618856
0.0
1.0795848193590714
0.0
1.079620057021028
0.0
1.0796088173728682
0.0
1.0796060349278103
0.0
1.079610806722173
0.0
1.0796338069835472
0.0
1.079652583655122
0.0
1.0796256114337086
0.0
1.0796668683025148
0.0
1.0796504850370998
0.0
1.0796772636749983
0.0
1.079642028913551
0.0
1.0796814443316252
0.0
1.079675367010611
0.0
1.0796668921731987
0.0
1.0797081446044559
0.0
1.0797139451724242
0.0
1.079713713726416
0.0
1.0797238172909043
0.0
1.0797107287837646
0.0
1.0797379126921438
0.0
1.0797229082738833
0.0
1.0797445084437483
0.0
1.0797318193632728
0.0
1.0797494578057085
0.0
8.0
1.0
0.0
0.0
345.0
1.0840157959952479
0.0
1.084011206148479
0.0
1.0840482103668958
0.0
1.0840897969815748
0.0
1.0841009762240468
0.0
1.084122521208308
0.0
1.084202645725078
0.0
1.0841873329506941
0.0
1.084229140027945
0.0
1.0842663116782747
0.0
1.0843216270572757
0.0
1.0843615841880352
0.0
1.0843396357555388
0.0
1.0844224661451214
0.0
1.0844324323234045
0.0
1.084480757675148
0.0
1.0844735696859744
0.0
1.0845316911400382
0.0
1.0845570293531286
0.0
1.0845819099744798
0.0
1.0846246891895879
0.0
1.0846396186780518
0.0
1.0846800640518799
0.0
1.084713737082414
0.0
1.084798076643095
0.0
1.0847778591646982
0.0
1.0848206861489895
0.0
1.0848843235038481
0.0
1.0848659019420435
0.0
1.0849249675926047
0.0
9.0
1.0
127.11407560648674
50.82632391389719
345.0
1.0428495393039574
0.0
1.042909148305764
0.0
1.0430521370624253
0.0
1.0429170220013566
0.0
1.0429143276291746
0.0
1.0428569164100916
0.0
1.0428073161595648
0.0
1.0428101915811008
0.0
1.042828285501978
0.0
1.0427712184259224
0.0
1.0426914847532611
0.0
1.0427349751991548
0.0
1.0427426323155438
0.0
1.0426247234605301
0.0
1.0425409532543577
0.0
1.0426003313230823
0.0
1.0426623256972196
0.0
1.0425895508302991
0.0
1.0425119376182748
0.0
1.0424768946157703
0.0
1.0424044104775891
0.0
1.0423522421251639
0.0
1.0424323226058327
0.0
1.042330278901288
0.0
1.042286719977293
0.0
1.0422731703991042
0.0
1.0422906544278214
0.0
1.042159164773405
0.0
1.04230280660666
0.0
1.042154472437536
0.0
1.0
4.0
4.0
5.0
5.0
6.0
3.0
6.0
6.0
7.0
7.0
8.0
8.0
2.0
8.0
9.0
9.0
4.0
