6.0
30.0
11.0
1.0
3.0
0.0
0.0
230.0
1.05
0.0
1.05
0.0
1.05
0.0
1.05
0.0
1.05
0.0
1.05
0.0
1.05
0.0
1.05
0.0
1.05
0.0
1.05
0.0
1.05
0.0
1.05
0.0
1.05
0.0
1.05
0.0
1.05
0.0
1.05
0.0
1.05
0.0
1.05
0.0
1.05
0.0
1.05
0.0
1.05
0.0
1.05
0.0
1.05
0.0
1.05
0.0
1.05
0.0
1.05
0.0
1.05
0.0
1.05
0.0
1.05
0.0
1.05
0.0
2.0
2.0
0.0
0.0
230.0
1.0493266063921034
0.0
1.0493582016244138
0.0
1.049350020353459
0.0
1.0493380605782452
0.0
1.0493092220064866
0.0
1.0492653470600573
0.0
1.0492969440578868
0.0
1.0492513290920422
0.0
1.0492819480937094
0.0
1.049276742841847
0.0
1.0492692962141354
0.0
1.049231393099819
0.0
1.0492246338546125
0.0
1.0492026872237665
0.0
1.0492053931438885
0.0
1.0491734692375905
0.0
1.0491562012679492
0.0
1.0491589638822916
0.0
1.0491369761320133
0.0
1.0491632936701998
0.0
1.049100625150195
0.0
1.0491062459994105
0.0
1.0490890920875358
0.0
1.0490520609249467
0.0
1.0490554794333984
0.0
1.049006107041558
0.0
1.0490210707241348
0.0
1.0490160540500215
0.0
1.048952408865353
0.0
1.0489499817284564
0.0
3.0
2.0
0.0
0.0
230.0
1.0691282172543406
0.0
1.0691688452129111
0.0
1.0691589678023288
0.0
1.0691417988566272
0.0
1.0691053349750375
0.0
1.069047464897132
0.0
1.0690877495092688
0.0
1.06902850094275
0.0
1.0690684589347772
0.0
1.0690626427158914
0.0
1.0690525125449681
0.0
1.0690025874956128
0.0
1.0689933189264047
0.0
1.068964884010912
0.0
1.0689668773999523
0.0
1.068925996173823
0.0
1.068904562186681
0.0
1.068907021588035
0.0
1.068877931331628
0.0
1.0689136737306981
0.0
1.0688312683003927
0.0
1.0688393557015825
0.0
1.0688143953580556
0.0
1.0687662276191692
0.0
1.0687690747319298
0.0
1.0687063792174696
0.0
1.0687255070667636
0.0
1.0687188771428995
0.0
1.068634712770227
0.0
1.068632306123833
0.0
4.0
1.0
71.18930091964934
71.20609768686023
230.0
0.9866141966802118
0.0
0.9867471613514855
0.0
0.9867178603542556
0.0
0.9866554941436605
0.0
0.9865649170204879
0.0
0.9864147421567451
0.0
0.9865124860357495
0.0
0.9863556520513481
0.0
0.9864684729609778
0.0
0.9864705146329151
0.0
0.9864431268418333
0.0
0.9863153019498188
0.0
0.9862900941777556
0.0
0.9862162753070601
0.0
0.9862110937229541
0.0
0.98613119252572
0.0
0.9860937995094528
0.0
0.9860855513300281
0.0
0.9860230963351718
0.0
0.9861133038919211
0.0
0.9859158882256258
0.0
0.985944506564916
0.0
0.9858792599471718
0.0
0.9857778803264198
0.0
0.9857743580747704
0.0
0.9856524575176958
0.0
0.9856908585578074
0.0
0.9856854440827852
0.0
0.9855003525306408
0.0
0.985499750253374
0.0
5.0
1.0
71.11178576714353
71.17462778977139
230.0
0.9826784674875683
0.0
0.9826005725183254
0.0
0.9827165995351768
0.0
0.9825287319353131
0.0
0.9824670969650796
0.0
0.9823069469039192
0.0
0.9823269523008556
0.0
0.9822325799049408
0.0
0.9821606401830069
0.0
0.9821504374592623
0.0
0.9821344385828928
0.0
0.9821052393696452
0.0
0.9819309249838029
0.0
0.9819335866597976
0.0
0.9818567949097755
0.0
0.9817157287434072
0.0
0.9815688005722326
0.0
0.9816556292246492
0.0
0.9815521987319079
0.0
0.9815595519704968
0.0
0.9814211674987303
0.0
0.9813419389729237
0.0
0.9812656762998617
0.0
0.9811905557567421
0.0
0.9812281578324978
0.0
0.9809596474354406
0.0
0.9810189006079714
0.0
0.9809911884921696
0.0
0.9808548382185373
0.0
0.980781620236876
0.0
6.0
1.0
71.04029986540299
71.10334516510414
230.0
1.0017930235954813
0.0
1.0018237165200123
0.0
1.0018422225041932
0.0
1.0017744980337717
0.0
1.0016724606146261
0.0
1.0015263229726723
0.0
1.0015188176613898
0.0
1.0014648540127944
0.0
1.0014536970345262
0.0
1.0014933360807188
0.0
1.0014185998883314
0.0
1.0012699534485998
0.0
1.0011895173272949
0.0
1.0011757256715181
0.0
1.001048447857701
0.0
1.0009672885615477
0.0
1.0008676843503388
0.0
1.0009242982664621
0.0
1.0007514786807126
0.0
1.0007694509154001
0.0
1.0006611899453688
0.0
1.0006481194678054
0.0
1.0005519860060526
0.0
1.00043185805999
0.0
1.000474616037708
0.0
1.00024551248976
0.0
1.0002537765247106
0.0
1.000197658963384
0.0
1.0000148985337871
0.0
1.000039345041099
0.0
1.0
2.0
1.0
4.0
1.0
5.0
2.0
3.0
2.0
4.0
2.0
5.0
2.0
6.0
3.0
5.0
3.0
6.0
4.0
5.0
5.0
6.0
