9.0
30.0
9.0
1.0
3.0
0.0
0.0
345.0
1.0999578607432337
0.0
1.0999581731816224
0.0
1.0999566676253927
0.0
1.0999606700224074
0.0
1.0999609265196089
0.0
1.0999645779926357
0.0
1.0999673911281609
0.0
1.0999666906922305
0.0
1.0999689079830255
0.0
1.09997176295288
0.0
1.0999731668968913
0.0
1.099973866223947
0.0
1.0999744191973322
0.0
1.0999771616957745
0.0
1.0999785934154278
0.0
1.0999786737342985
0.0
1.0999785537165874
0.0
1.099980796256422
0.0
1.0999817766257696
0.0
1.0999821209295941
0.0
1.0999839135178338
0.0
1.0999842011430054
0.0
1.0999841955033147
0.0
1.0999858012254524
0.0
1.0999874673533578
0.0
1.0999873144171728
0.0
1.0999876684867238
0.0
1.099988877910354
0.0
1.099987753059002
0.0
1.0999891629665763
0.0
2.0
2.0
0.0
0.0
345.0
1.0934068359029836
0.0
1.0934125979727667
0.0
1.093408334765568
0.0
1.093471258797952
0.0
1.0934483064738385
0.0
1.0934797810985812
0.0
1.0934887864680352
0.0
1.0934994039822636
0.0
1.0935285026311998
0.0
1.0935678609098747
0.0
1.0935824461778778
0.0
1.0935728970808636
0.0
1.0935947774267831
0.0
1.0936295600349497
0.0
1.09365391460765
0.0
1.0936562261361156
0.0
1.0936750797666808
0.0
1.0936903031711425
0.0
1.0937329830994524
0.0
1.093748596824178
0.0
1.0937555260982568
0.0
1.0937666574439933
0.0
1.0937746495220328
0.0
1.093810671290948
0.0
1.093891880156624
0.0
1.0938537027798207
0.0
1.0938852249922129
0.0
1.0939303208993758
0.0
1.0938996742580687
0.0
1.0939431462582894
0.0
3.0
2.0
0.0
0.0
345.0
1.0848861510829542
0.0
1.0848980028998305
0.0
1.0849284160797745
0.0
1.0849407010016021
0.0
1.0849374234891016
0.0
1.0849504116940218
0.0
1.0849729746431842
0.0
1.0849700759596441
0.0
1.0849975954147968
0.0
1.0850166721778332
0.0
1.085026200303129
0.0
1.0850443668550314
0.0
1.0850472539998357
0.0
1.0850679810542794
0.0
1.0850691703420432
0.0
1.0850927760725233
0.0
1.0851066448638003
0.0
1.08512339074507
0.0
1.085131807223139
0.0
1.0851387901536873
0.0
1.0851496299890775
0.0
1.0851490161200696
0.0
1.085176083838745
0.0
1.0851871043124786
0.0
1.0852356384411446
0.0
1.0852171517575127
0.0
1.085243275970932
0.0
1.0852597055431537
0.0
1.0852616298622837
0.0
1.0852772275692932
0.0
4.0
1.0
0.0
0.0
345.0
1.0931081957757436
0.0
1.093123038602588
0.0
1.093137842696217
0.0
1.0930979845075612
0.0
1.0930930831185972
0.0
1.0930742001332738
0.0
1.0930335103712518
0.0
1.093039654396781
0.0
1.0930313886981016
0.0
1.0930059872427227
0.0
1.092967693725158
0.0
1.092961013576321
0.0
1.0929744272937734
0.0
1.0929168153816826
0.0
1.0928992542259857
0.0
1.0928899336185123
0.0
1.0929079700826076
0.0
1.0928692658715116
0.0
1.0928472784841914
0.0
1.0928325355194597
0.0
1.0927973354124545
0.0
1.0927815964199148
0.0
1.0927821907221236
0.0
1.092749549932759
0.0
1.0927130400210145
0.0
1.0927129299010034
0.0
1.0927025622485738
0.0
1.0926523137272983
0.0
1.0926883526387932
0.0
1.0926337564503192
0.0
5.0
1.0
91.70045712703512
30.459717922901348
345.0
1.0817337570627716
0.0
1.0817377193042184
0.0
1.0817054261587011
0.0
1.081691781953769
0.0
1.081663373220034
0.0
1.0816407142015212
0.0
1.0815341791112818
0.0
1.0815691417099869
0.0
1.0815426057317485
0.0
1.081509961555034
0.0
1.0814401644452032
0.0
1.0813809022793845
0.0
1.081425906057189
0.0
1.0813373168911917
0.0
1.0813165181717774
0.0
1.0812743128641595
0.0
1.081292472730267
0.0
1.08121841969959
0.0
1.0812282853760926
0.0
1.0811984871989049
0.0
1.0811265702614317
0.0
1.0811179804965734
0.0
1.0810771527221799
0.0
1.0810466752188903
0.0
1.080998896947683
0.0
1.0809810876745973
0.0
1.0809477453573537
0.0
1.0808956049866418
0.0
1.0809148707513625
0.0
1.0808350870467092
0.0
6.0
1.0
0.0
0.0
345.0
1.0999369083628254
0.0
1.0999385360589968
0.0
1.0999391316855707
0.0
1.099937958259778
0.0
1.0999382799384738
0.0
1.0999391079348022
0.0
1.0999389726684052
0.0
1.0999381654758578
0.0
1.0999396465880713
0.0
1.0999398296886878
0.0
1.0999385571108624
0.0
1.099939450513018
0.0
1.0999408984222327
0.0
1.0999390683276105
0.0
1.099940567510702
0.0
1.0999391883514966
0.0
1.0999408326730713
0.0
1.0999407713315428
0.0
1.0999401074162012
0.0
1.099940359799569
0.0
1.0999403687910836
0.0
1.0999396238828971
0.0
1.0999399217260337
0.0
1.0999404559505075
0.0
1.0999414602366897
0.0
1.0999409629711974
0.0
1.099941633804002
0.0
1.099940890703297
0.0
1.099940762046851
0.0
1.0999408079910544
0.0
7.0
1.0
101.61594769353856
35.62993055597728
345.0
1.089247563927126
0.0
1.0892356173087372
0.0
1.089212076551936
0.0
1.0891810520840939
0.0
1.0891979651811219
0.0
1.0891897258792236
0.0
1.0891779053247272
0.0
1.08917431857589
0.0
1.0891496584311229
0.0
1.0891324808766836
0.0
1.089121344230126
0.0
1.0891177460424823
0.0
1.08910614864158
0.0
1.0890963071174304
0.0
1.0890769529875213
0.0
1.0890725090791864
0.0
1.0890433062125633
0.0
1.0890487317098734
0.0
1.089028216555219
0.0
1.0890058989821467
0.0
1.0890214371884344
0.0
1.0890181751760584
0.0
1.0889937910426921
0.0
1.0889858813818984
0.0
1.08892585829817
0.0
1.0889631688236472
0.0
1.0889241361126558
0.0
1.088908930653154
0.0
1.0889055994892396
0.0
1.0888890064526155
0.0
8.0
1.0
0.0
0.0
345.0
1.0998605757612938
0.0
1.0998620380238036
0.0
1.0998627565705286
0.0
1.099861349960623
0.0
1.099862529860738
0.0
1.0998629154834718
0.0
1.0998624217281858
0.0
1.0998614333121872
0.0
1.099864243575252
0.0
1.099863799681386
0.0
1.0998616448386296
0.0
1.099862714710204
0.0
1.0998651980869703
0.0
1.0998625895723657
0.0
1.0998641228571362
0.0
1.099862288489941
0.0
1.0998637842802168
0.0
1.099863788529056
0.0
1.099864433555821
0.0
1.0998644776958801
0.0
1.0998635948090425
0.0
1.0998631704551667
0.0
1.0998629392333727
0.0
1.0998641026198743
0.0
1.099866300368158
0.0
1.0998643887657842
0.0
1.0998650699679786
0.0
1.0998652038852832
0.0
1.0998645186721845
0.0
1.09986342026735
0.0
9.0
1.0
127.11407560648674
50.82632391389719
345.0
1.0680683367211008
0.0
1.0681101271885742
0.0
1.0681952306257592
0.0
1.0680623663969824
0.0
1.068066255020882
0.0
1.068011864376575
0.0
1.0679424817387546
0.0
1.0679467927569328
0.0
1.067936008008838
0.0
1.0678713274457408
0.0
1.0677859661306324
0.0
1.0678052228409591
0.0
1.067813407083376
0.0
1.0676897024277592
0.0
1.0676140402404237
0.0
1.0676397895684384
0.0
1.0676755269818214
0.0
1.0676034403580097
0.0
1.06752512345809
0.0
1.0674792764620522
0.0
1.0674168795757748
0.0
1.067370218180163
0.0
1.067405675974463
0.0
1.0673127946134502
0.0
1.0672215741096212
0.0
1.0672361302410502
0.0
1.067216013207118
0.0
1.0670862051002465
0.0
1.0672005773096034
0.0
1.0670584358953774
0.0
1.0
4.0
4.0
5.0
5.0
6.0
3.0
6.0
6.0
7.0
7.0
8.0
8.0
2.0
8.0
9.0
9.0
4.0
