57.0
30.0
80.0
1.0
3.0
56.029650970929936
17.273187600598444
0.0
1.0093759028390556
0.0
1.0093787634629152
0.0
1.0094173940930633
0.0
1.0094560936141128
0.0
1.0095242829656976
0.0
1.0095338443487238
0.0
1.0095413247028722
0.0
1.0095916472300708
0.0
1.0096853495931353
0.0
1.0097222318350962
0.0
1.0097417933420305
0.0
1.009817240949956
0.0
1.0098009993089532
0.0
1.0098655929767282
0.0
1.0099177549828495
0.0
1.009965571034519
0.0
1.010024102952701
0.0
1.0100689971028627
0.0
1.0100838317035534
0.0
1.010156409891725
0.0
1.0101857254658404
0.0
1.0102292808395323
0.0
1.0102757944256882
0.0
1.0103588470503353
0.0
1.0104103955050772
0.0
1.01046830135531
0.0
1.0104529668349842
0.0
1.0105415819460297
0.0
1.0105973780920272
0.0
1.0106558273593065
0.0
2.0
2.0
3.0523972252410903
89.40688344258359
0.0
1.007561437597774
0.0
1.0075630524410792
0.0
1.0075926994957394
0.0
1.0075943416149409
0.0
1.0076815153421061
0.0
1.0076708366959097
0.0
1.0077075161512414
0.0
1.0077437134167075
0.0
1.0078463954054078
0.0
1.00787427815744
0.0
1.0078881559458823
0.0
1.0079775301326301
0.0
1.0079040152174745
0.0
1.008026286641734
0.0
1.0080019523003159
0.0
1.008081183281506
0.0
1.0081647212382623
0.0
1.0081818127597098
0.0
1.0082260187582968
0.0
1.008295265291839
0.0
1.0083080349324651
0.0
1.0084081024671454
0.0
1.0084202828408189
0.0
1.008518267477383
0.0
1.0085469192239718
0.0
1.0086031002014664
0.0
1.0086176447941568
0.0
1.0086914391426598
0.0
1.0087136038544713
0.0
1.0088222974039325
0.0
3.0
2.0
41.63942462411664
21.370058943433587
0.0
1.0031424169515186
0.0
1.0031275465186176
0.0
1.003168974302421
0.0
1.0031920484807235
0.0
1.003256703671526
0.0
1.0032680224651644
0.0
1.0032644919056883
0.0
1.0033128557792808
0.0
1.003404789425712
0.0
1.0034313524276635
0.0
1.0034431717382595
0.0
1.0035189478661979
0.0
1.0034902558680832
0.0
1.003545030003958
0.0
1.0035963275907596
0.0
1.0036218822051635
0.0
1.003696207905346
0.0
1.003715701837637
0.0
1.00373443504992
0.0
1.0038045097854404
0.0
1.0038226627090128
0.0
1.0038711068021882
0.0
1.0038907067443263
0.0
1.0039656521352214
0.0
1.0040126527341988
0.0
1.0040713130329981
0.0
1.0040486724658741
0.0
1.004143189526083
0.0
1.0041653563720603
0.0
1.0042346879586068
0.0
4.0
1.0
0.0
0.0
0.0
1.006384995234645
0.0
1.0063659861528107
0.0
1.0064168394600645
0.0
1.0064252927643353
0.0
1.0064893057943407
0.0
1.0065161919181793
0.0
1.006500799263118
0.0
1.00655001875472
0.0
1.0066466909509453
0.0
1.0066769535878275
0.0
1.0066836775357195
0.0
1.0067723827564954
0.0
1.006733497314139
0.0
1.0067912827551297
0.0
1.0068477719573357
0.0
1.0068725810265364
0.0
1.0069419686361971
0.0
1.006961551705871
0.0
1.006988820507123
0.0
1.0070529260235104
0.0
1.0070706114709806
0.0
1.007130435750435
0.0
1.0071469001350133
0.0
1.0072205400981507
0.0
1.0072745547789292
0.0
1.007336300235095
0.0
1.007303743619749
0.0
1.0074020208186167
0.0
1.0074112124528958
0.0
1.007492469171854
0.0
5.0
1.0
13.2094606396363
4.069264816711483
0.0
1.0159177708188933
0.0
1.0158878888299958
0.0
1.0159605898828004
0.0
1.0159502288866653
0.0
1.0160321483998593
0.0
1.016080838811863
0.0
1.0160569047405332
0.0
1.016132439651045
0.0
1.0162370028801786
0.0
1.0162720945202957
0.0
1.016287546004696
0.0
1.0164042269791496
0.0
1.0163494121466556
0.0
1.0164303682341855
0.0
1.0165010693020111
0.0
1.0165349943603432
0.0
1.0166113285924527
0.0
1.0166182468394271
0.0
1.016689457987005
0.0
1.0167580529881697
0.0
1.016774158512635
0.0
1.0168475872825082
0.0
1.0168762664660482
0.0
1.0169692828914854
0.0
1.0170284018581561
0.0
1.0171150428839497
0.0
1.017054799635418
0.0
1.0171660134312501
0.0
1.017190026525239
0.0
1.017284586642578
0.0
6.0
2.0
76.22803926759622
2.0345306300768575
0.0
1.0256784311123637
0.0
1.0256469790890461
0.0
1.0257245077539596
0.0
1.0257127893905096
0.0
1.025809561105916
0.0
1.0258742181077651
0.0
1.0258447349620123
0.0
1.025938316836455
0.0
1.026047024249664
0.0
1.0260920697237823
0.0
1.0261103302966157
0.0
1.0262466120383233
0.0
1.0261944029679735
0.0
1.0262920213744229
0.0
1.026350074955791
0.0
1.026402200646659
0.0
1.0264828193570719
0.0
1.026494697370642
0.0
1.0265750947002492
0.0
1.0266508676936146
0.0
1.0266789257672948
0.0
1.0267589000219082
0.0
1.0267914012418187
0.0
1.0269033238250458
0.0
1.0269591556144806
0.0
1.0270669030822044
0.0
1.0269989049607875
0.0
1.0271193736119322
0.0
1.0271459253962525
0.0
1.0272553043588046
0.0
7.0
1.0
0.0
0.0
0.0
1.0240520095327024
0.0
1.0240212498218197
0.0
1.0240747002684325
0.0
1.0240715568611598
0.0
1.0241415911089018
0.0
1.0242048818866858
0.0
1.0241681329035877
0.0
1.0242480023985692
0.0
1.0243245010581752
0.0
1.0243589515013658
0.0
1.0243597281498211
0.0
1.0244819715393743
0.0
1.024433217766345
0.0
1.0245099639646462
0.0
1.0245553181795295
0.0
1.024584499851766
0.0
1.0246538502534617
0.0
1.0246402927579752
0.0
1.0247092420267954
0.0
1.0247719159884354
0.0
1.0247917097531751
0.0
1.024841147321333
0.0
1.0248704169519731
0.0
1.0249499318316992
0.0
1.0249775710994855
0.0
1.0250761678703466
0.0
1.0250042845738991
0.0
1.0250903561249667
0.0
1.025081663007127
0.0
1.0251805607544107
0.0
8.0
2.0
152.55662925967977
22.32309202342666
0.0
1.0403596128709367
0.0
1.0403390048738272
0.0
1.0404172443042348
0.0
1.0404076790676073
0.0
1.040495002075949
0.0
1.04057036707811
0.0
1.0405342275503928
0.0
1.0406187555355353
0.0
1.0407061071772203
0.0
1.0407573062431872
0.0
1.0407678905307887
0.0
1.04088323137921
0.0
1.0408501728015043
0.0
1.0409334157134051
0.0
1.0409871955993621
0.0
1.0410198730728089
0.0
1.0410950145102023
0.0
1.0411004711799885
0.0
1.0411543257283722
0.0
1.041227769059518
0.0
1.041256444318798
0.0
1.0413143348567784
0.0
1.0413683608227222
0.0
1.0414292670513012
0.0
1.041468444095618
0.0
1.0415635030551773
0.0
1.041509185294236
0.0
1.0415872101511638
0.0
1.0415867636636065
0.0
1.0416823035852354
0.0
9.0
2.0
123.1366632972739
26.442773195024632
0.0
1.0040883977955228
0.0
1.0040880670108006
0.0
1.0041293067144736
0.0
1.0041425395893187
0.0
1.0042133404956197
0.0
1.0042488353375751
0.0
1.004235693085606
0.0
1.0042742415861998
0.0
1.0043043508890044
0.0
1.0043553593957808
0.0
1.0043457218313139
0.0
1.0043766228492208
0.0
1.004388616726351
0.0
1.0044242852585874
0.0
1.004448135193439
0.0
1.0044385800132178
0.0
1.0044835650967157
0.0
1.004466262136976
0.0
1.004469324673377
0.0
1.0045226191878598
0.0
1.0045267359379113
0.0
1.0045343237981252
0.0
1.0045519135715784
0.0
1.0045573785725657
0.0
1.0045768553113092
0.0
1.0046228418393368
0.0
1.0045986863566319
0.0
1.004610433899965
0.0
1.0045857924739505
0.0
1.0046247801587358
0.0
10.0
1.0
5.086351259422241
2.034741499197974
0.0
0.9822460722888186
0.0
0.9822965185314183
0.0
0.9822886118379079
0.0
0.9823458390169088
0.0
0.9823246749474928
0.0
0.982347018499852
0.0
0.9823643827301328
0.0
0.9823516603321869
0.0
0.9823303539897804
0.0
0.9823833505951207
0.0
0.982356575702214
0.0
0.9823183925956317
0.0
0.9823718276065921
0.0
0.9823675416465893
0.0
0.9823656018361626
0.0
0.9823359970282955
0.0
0.9823432092780623
0.0
0.9823580332034045
0.0
0.9823294129831435
0.0
0.9823391200530972
0.0
0.9823364708541331
0.0
0.9823255430146084
0.0
0.982364383952784
0.0
0.9822961652100081
0.0
0.9823291345901555
0.0
0.9822930417261149
0.0
0.9823215740333963
0.0
0.9822877330009909
0.0
0.9822904099576512
0.0
0.9822757125680116
0.0
11.0
1.0
0.0
0.0
0.0
0.983089853294044
0.0
0.9830982705675058
0.0
0.9831091376562242
0.0
0.9831285367615716
0.0
0.9831592900361809
0.0
0.9831716491650664
0.0
0.9831668597877332
0.0
0.9831814582332121
0.0
0.9831873799516826
0.0
0.9832108722887055
0.0
0.9832064408530762
0.0
0.9832071390106609
0.0
0.9832261197595237
0.0
0.9832292008247658
0.0
0.983245090097639
0.0
0.9832263241365852
0.0
0.9832521116177338
0.0
0.9832396078182324
0.0
0.9832367270542242
0.0
0.9832596031192654
0.0
0.983254816494968
0.0
0.9832555599114954
0.0
0.9832566757865615
0.0
0.9832454666115421
0.0
0.983266210324219
0.0
0.9832763523177173
0.0
0.9832665798184161
0.0
0.9832619449729045
0.0
0.9832464625425391
0.0
0.9832648438698057
0.0
12.0
2.0
383.6343020058379
24.39959718070579
0.0
0.989923481125892
0.0
0.9900402625803326
0.0
0.9899904500410386
0.0
0.9901100442334082
0.0
0.9900638731532215
0.0
0.9901028111032458
0.0
0.9901109696001275
0.0
0.9901019464797365
0.0
0.990090974619216
0.0
0.9901468906312024
0.0
0.9901403893961831
0.0
0.9900870743179027
0.0
0.9901726795587893
0.0
0.9901508606939766
0.0
0.9901636637435239
0.0
0.9901594903491906
0.0
0.990171401685724
0.0
0.9902341915482917
0.0
0.990176942603166
0.0
0.990200993261273
0.0
0.9902085712102814
0.0
0.9901992329411279
0.0
0.9902631770368633
0.0
0.9901755244983994
0.0
0.9902398008711851
0.0
0.9901896216831196
0.0
0.9902634000056695
0.0
0.9902239302488123
0.0
0.9902840109925676
0.0
0.9902555977608172
0.0
13.0
1.0
18.275695409979072
2.3373178123819236
0.0
0.9761362862364207
0.0
0.9761676189892484
0.0
0.9761646633199325
0.0
0.976200062302577
0.0
0.9762025832378758
0.0
0.9762157816851165
0.0
0.9762182811821585
0.0
0.9762203949989343
0.0
0.9762249457628788
0.0
0.9762479131857797
0.0
0.9762489017617316
0.0
0.9762344473046175
0.0
0.9762602367510251
0.0
0.9762619767347096
0.0
0.9762732851882241
0.0
0.9762626491596041
0.0
0.9762789448105516
0.0
0.9762903487966604
0.0
0.9762763016004106
0.0
0.9762940021668615
0.0
0.9762918900738565
0.0
0.9762921883383112
0.0
0.9763107944084949
0.0
0.976288911068181
0.0
0.9763128243997186
0.0
0.9763057601502064
0.0
0.9763115973255978
0.0
0.976311427638905
0.0
0.976319127640152
0.0
0.9763221433550296
0.0
14.0
1.0
10.683399189503096
5.397351114442209
0.0
0.9684740501060177
0.0
0.9684861759674683
0.0
0.9684882032378458
0.0
0.968508113630951
0.0
0.9685096487457195
0.0
0.9685166992766613
0.0
0.9685150263188252
0.0
0.9685214726105655
0.0
0.9685251583684166
0.0
0.9685357099299938
0.0
0.9685417996240198
0.0
0.9685379650815669
0.0
0.9685453889943179
0.0
0.9685491447285166
0.0
0.9685606748566858
0.0
0.9685515236265246
0.0
0.9685638411524299
0.0
0.9685727378010545
0.0
0.9685645486542831
0.0
0.9685791016183787
0.0
0.9685775973668928
0.0
0.9685787361743899
0.0
0.9685882960979276
0.0
0.9685798297006876
0.0
0.9685946914356403
0.0
0.968591911460653
0.0
0.9685934665205793
0.0
0.9686011294377578
0.0
0.9686041029310217
0.0
0.9686072556912423
0.0
15.0
1.0
22.379861623271733
5.083181153898327
0.0
0.9871932450734606
0.0
0.987195356537728
0.0
0.9872153702329766
0.0
0.9872372124328567
0.0
0.9872672932881217
0.0
0.9872746559789068
0.0
0.9872723737240062
0.0
0.9872955548403332
0.0
0.987338388960844
0.0
0.987357992396269
0.0
0.9873668923068853
0.0
0.9873951816843619
0.0
0.9873882004657105
0.0
0.9874110062489228
0.0
0.987441205240942
0.0
0.9874517020692882
0.0
0.9874849749458652
0.0
0.9875016566851375
0.0
0.9875041616551459
0.0
0.9875428291654542
0.0
0.9875548734656271
0.0
0.9875718037026896
0.0
0.9875896944311428
0.0
0.9876198859054809
0.0
0.9876476238514956
0.0
0.987668134814007
0.0
0.9876591141050806
0.0
0.9877030302422335
0.0
0.9877180402920618
0.0
0.9877495366606175
0.0
16.0
1.0
43.76399084178567
3.0506121532652863
0.0
0.9885348890967207
0.0
0.9886376339486531
0.0
0.9885842128068021
0.0
0.9886765882817774
0.0
0.9886505346430928
0.0
0.988692525672049
0.0
0.9886938836487552
0.0
0.9886839085858907
0.0
0.9887010765973088
0.0
0.9887583343480918
0.0
0.9887310278146231
0.0
0.9886992070864673
0.0
0.9887496355248031
0.0
0.9887611022639404
0.0
0.9887630707486517
0.0
0.9887818967114268
0.0
0.9888066849376651
0.0
0.988864931731253
0.0
0.9888170032041621
0.0
0.9888410247519328
0.0
0.9888446237057054
0.0
0.9888268916091091
0.0
0.9888897501215322
0.0
0.9888392668539361
0.0
0.9888945852260825
0.0
0.9888555317369636
0.0
0.9889153639374547
0.0
0.9888980055432824
0.0
0.9889481758907896
0.0
0.9889321335438995
0.0
17.0
1.0
42.64037644341728
8.124951918177079
0.0
0.9914914474576049
0.0
0.991533560236801
0.0
0.9915360002842827
0.0
0.991592241138751
0.0
0.9916040573409977
0.0
0.9916199949092563
0.0
0.9916050168405383
0.0
0.9916536808659809
0.0
0.9916822831416929
0.0
0.9917387484210027
0.0
0.991733731101127
0.0
0.9917577302431752
0.0
0.9917566757977986
0.0
0.9917816940532066
0.0
0.9918095099880203
0.0
0.991826975230272
0.0
0.9918656080976533
0.0
0.9919027902846294
0.0
0.9918809837391346
0.0
0.9919361752419167
0.0
0.9919561740199004
0.0
0.991961143426612
0.0
0.9920119032485272
0.0
0.9920423842754339
0.0
0.9920712749152495
0.0
0.9920728470093096
0.0
0.9920946230452404
0.0
0.9921211774375723
0.0
0.9921625215440506
0.0
0.9922029911987356
0.0
18.0
1.0
27.647798058253333
9.956128010476508
0.0
1.0219908638042847
0.0
1.0219366886682117
0.0
1.021982391853491
0.0
1.0219714133136002
0.0
1.0219938665380564
0.0
1.02204214120265
0.0
1.021996052199285
0.0
1.0219647453151233
0.0
1.0220758228130387
0.0
1.0220940090340478
0.0
1.0220729899567287
0.0
1.0221498525200463
0.0
1.0220850779795645
0.0
1.0221131877176928
0.0
1.022178102903641
0.0
1.0221582022223352
0.0
1.0221962795513375
0.0
1.0222348888734265
0.0
1.0222084767351414
0.0
1.0222511344906033
0.0
1.022228173529502
0.0
1.022312280265335
0.0
1.0222965673225224
0.0
1.0223155141486353
0.0
1.0224030460808924
0.0
1.0224038868250942
0.0
1.0224069982287338
0.0
1.0224693928124282
0.0
1.0224197857646733
0.0
1.0225129203736487
0.0
19.0
1.0
3.3550595531217495
0.609186142441442
0.0
0.9817040603755207
0.0
0.9816779071447006
0.0
0.9816483448246858
0.0
0.9816436334055689
0.0
0.9816220557445794
0.0
0.9816341450392285
0.0
0.981589153712867
0.0
0.9815465007051679
0.0
0.9815888274557233
0.0
0.9815680132996317
0.0
0.981529801865882
0.0
0.9815304612758866
0.0
0.981489927777495
0.0
0.9815101813288404
0.0
0.9815162835251366
0.0
0.981457180370954
0.0
0.9814588018613668
0.0
0.9814366658352898
0.0
0.9814212977708443
0.0
0.981389712731002
0.0
0.9813704636858486
0.0
0.9813786961339218
0.0
0.9813637149587129
0.0
0.981336118001629
0.0
0.9813524014141253
0.0
0.9813222955606707
0.0
0.9813042484668325
0.0
0.9813141314514071
0.0
0.9812704924953248
0.0
0.9812951818319585
0.0
20.0
1.0
2.338564448310554
1.017395385578392
0.0
0.970114399501379
0.0
0.970082697422313
0.0
0.9700333653263395
0.0
0.9700332068614154
0.0
0.9700062163271035
0.0
0.9699839806752188
0.0
0.9699681619671982
0.0
0.9699207199803599
0.0
0.969917045179824
0.0
0.9698799973431937
0.0
0.9698566433114768
0.0
0.9698149529823951
0.0
0.969797132068944
0.0
0.9697944737567677
0.0
0.9697805158113305
0.0
0.9697082560228802
0.0
0.9696964320783528
0.0
0.9696688505069738
0.0
0.9696499388063845
0.0
0.9696134927768935
0.0
0.9695678280344354
0.0
0.9695603236961176
0.0
0.9695333718184138
0.0
0.9695026159327621
0.0
0.9694661483081588
0.0
0.9694343718363981
0.0
0.9694193461055354
0.0
0.9694024168578634
0.0
0.9693629304372819
0.0
0.9693510870501504
0.0
21.0
1.0
0.0
0.0
0.0
1.0085418353944273
0.0
1.008524026535659
0.0
1.0084888607946556
0.0
1.0084555470465868
0.0
1.00843054600398
0.0
1.0083945362142213
0.0
1.0083852995938345
0.0
1.0083508946615924
0.0
1.008327767693803
0.0
1.0082879754169733
0.0
1.008264963852839
0.0
1.008229410901906
0.0
1.0082154464586286
0.0
1.0081792219202577
0.0
1.0081674524676156
0.0
1.0081180016317115
0.0
1.008086035230405
0.0
1.008049274713207
0.0
1.008055063175378
0.0
1.0080070271292876
0.0
1.0079800262715708
0.0
1.007953674169593
0.0
1.0078965863657052
0.0
1.0078947723259855
0.0
1.0078514866929758
0.0
1.007824355746424
0.0
1.0077958967826084
0.0
1.0077801652704417
0.0
1.0077228475927307
0.0
1.00771458456968
0.0
22.0
1.0
0.0
0.0
0.0
1.0086053387887042
0.0
1.0085873513723027
0.0
1.0085524354502575
0.0
1.0085172300164214
0.0
1.0084935113434172
0.0
1.008451219183206
0.0
1.008450260504124
0.0
1.008414835068954
0.0
1.0083812662266538
0.0
1.0083407547151295
0.0
1.0083231716478442
0.0
1.0082833719186202
0.0
1.00827348614874
0.0
1.0082325823438998
0.0
1.0082179679976075
0.0
1.008168909907678
0.0
1.0081323394601607
0.0
1.0080958688994799
0.0
1.0081059486316788
0.0
1.0080587699751575
0.0
1.0080293581294657
0.0
1.0079949826787518
0.0
1.0079373688734348
0.0
1.0079355534149372
0.0
1.0078871087798393
0.0
1.0078598793938658
0.0
1.0078358874802666
0.0
1.0078093556452863
0.0
1.0077550878418666
0.0
1.0077415976852842
0.0
23.0
1.0
6.409108539351543
2.14106433300443
0.0
1.00789594413028
0.0
1.0078774390147627
0.0
1.0078410422344548
0.0
1.0078038035758765
0.0
1.0077801775585145
0.0
1.0077363269766053
0.0
1.007734572531642
0.0
1.0076995369746882
0.0
1.0076649704883047
0.0
1.0076234408615004
0.0
1.0076036357155755
0.0
1.007564377589252
0.0
1.0075524274991468
0.0
1.0075117201794421
0.0
1.0074966486105223
0.0
1.007445322663112
0.0
1.0074096470431182
0.0
1.0073703530493299
0.0
1.0073822644652395
0.0
1.00733401906477
0.0
1.0073043161584152
0.0
1.0072682476843264
0.0
1.0072064710253112
0.0
1.0072068449740974
0.0
1.0071572391496606
0.0
1.0071300158783643
0.0
1.0071047185406092
0.0
1.007077470108832
0.0
1.007020447618768
0.0
1.0070071457324605
0.0
24.0
1.0
0.0
0.0
0.0
1.0118948487612813
0.0
1.011853349374967
0.0
1.0118107276678256
0.0
1.0117664214100834
0.0
1.0117321172039329
0.0
1.0116961413629666
0.0
1.0116906662520893
0.0
1.0116494242921903
0.0
1.0116045398943332
0.0
1.0115686029676005
0.0
1.011510261593474
0.0
1.011520518391946
0.0
1.0114701670953112
0.0
1.011448041716575
0.0
1.011432999640251
0.0
1.0113623831885603
0.0
1.01135209175459
0.0
1.0112767669192504
0.0
1.0113085004982352
0.0
1.011258592020568
0.0
1.011237636658242
0.0
1.011181300960894
0.0
1.0110791621547783
0.0
1.0111376213961243
0.0
1.0110595968239848
0.0
1.011052977119426
0.0
1.0110019410858238
0.0
1.0109674817311467
0.0
1.0108923489243582
0.0
1.0109100665503719
0.0
25.0
1.0
6.415559705523499
3.254632284922375
0.0
0.983026800278564
0.0
0.9829498678597993
0.0
0.982862760498992
0.0
0.9827612398410667
0.0
0.9826449203013957
0.0
0.9825731316800328
0.0
0.9825580014272801
0.0
0.982441766329357
0.0
0.9823315848553069
0.0
0.9822554463287625
0.0
0.9821102301007871
0.0
0.9821101516828473
0.0
0.9820179399433557
0.0
0.9819344510931337
0.0
0.9818704380200043
0.0
0.9817592745223852
0.0
0.9816874040671187
0.0
0.9815499156172007
0.0
0.9815711153981586
0.0
0.9814439276643133
0.0
0.9813925976848032
0.0
0.9812673447938353
0.0
0.9810579984096548
0.0
0.9811410486713155
0.0
0.9809457630481868
0.0
0.9808888126539481
0.0
0.9808410624256928
0.0
0.9807200556018164
0.0
0.9806038146901221
0.0
0.9805879918431564
0.0
26.0
1.0
0.0
0.0
0.0
0.9719318564704045
0.0
0.9718949931206433
0.0
0.9718567777167356
0.0
0.9718184782538282
0.0
0.9717887863652717
0.0
0.9717578585349723
0.0
0.9717530986805072
0.0
0.9717172007186806
0.0
0.9716779591167846
0.0
0.9716473060857136
0.0
0.9715942603474388
0.0
0.9716058872009967
0.0
0.9715594364186491
0.0
0.971542026729421
0.0
0.9715308875670338
0.0
0.9714650693640094
0.0
0.971458391238502
0.0
0.9713917168409776
0.0
0.9714211257924705
0.0
0.9713782238542515
0.0
0.971358765595291
0.0
0.9713087595211428
0.0
0.9712173741358257
0.0
0.9712724541150276
0.0
0.9712042593252506
0.0
0.9711997231496761
0.0
0.9711511702944866
0.0
0.971120434088375
0.0
0.971053192165934
0.0
0.9710708192905385
0.0
27.0
1.0
9.455941914856457
0.507105556211504
0.0
1.011544024209959
0.0
1.0115014549645407
0.0
1.0115054108124095
0.0
1.0114829640389926
0.0
1.0114977508539287
0.0
1.0115170078417697
0.0
1.0114900304184953
0.0
1.0115152801792542
0.0
1.0115267378428772
0.0
1.0115197201381174
0.0
1.0114835258180523
0.0
1.0115701572005793
0.0
1.011502843482325
0.0
1.0115425300078833
0.0
1.0115605970910557
0.0
1.0115336821520826
0.0
1.0115657371045454
0.0
1.0114985467034663
0.0
1.0115721570135596
0.0
1.011574904499319
0.0
1.0115744121063677
0.0
1.011566702732856
0.0
1.0115208023801445
0.0
1.0115974757903075
0.0
1.0115790663388295
0.0
1.0116324025164696
0.0
1.0115525182531178
0.0
1.0115857158471397
0.0
1.011524635997731
0.0
1.0115981008790362
0.0
28.0
1.0
4.674014495747438
2.3381241941560855
0.0
1.032958684060771
0.0
1.0329134171453191
0.0
1.0329345633000822
0.0
1.0329228078637487
0.0
1.0329589756624162
0.0
1.0330035802060435
0.0
1.032962067891032
0.0
1.0330191618328315
0.0
1.0330598692095714
0.0
1.0330658656053662
0.0
1.0330413475625184
0.0
1.0331550497530124
0.0
1.0330891891786538
0.0
1.0331444510620718
0.0
1.0331747947740713
0.0
1.0331725976321433
0.0
1.0332206467727354
0.0
1.0331698237765925
0.0
1.0332462035176637
0.0
1.033281325963145
0.0
1.033283278287649
0.0
1.0332988944011905
0.0
1.0332859207700198
0.0
1.0333671858956337
0.0
1.033365135708832
0.0
1.0334470727613323
0.0
1.0333600871054993
0.0
1.0334224599836348
0.0
1.0333774851838784
0.0
1.0334668678516594
0.0
29.0
1.0
17.28228962213375
2.6432695118796117
0.0
1.0503821055846403
0.0
1.0503375000246795
0.0
1.0503718259872765
0.0
1.0503714086112446
0.0
1.0504234484141262
0.0
1.0504845224117605
0.0
1.0504349449529429
0.0
1.0505118305849053
0.0
1.0505744256219987
0.0
1.0505920250281955
0.0
1.0505760122296617
0.0
1.0507074706429718
0.0
1.0506459849246983
0.0
1.0507142306666286
0.0
1.0507527065429325
0.0
1.050769706699471
0.0
1.050829215395573
0.0
1.050792339971712
0.0
1.0508698073023153
0.0
1.0509261652747246
0.0
1.0509329681656903
0.0
1.0509682869936718
0.0
1.0509800355804344
0.0
1.05106517160778
0.0
1.0510740460079964
0.0
1.0511779318814376
0.0
1.0510835969113195
0.0
1.0511703211548524
0.0
1.0511379963905785
0.0
1.051237882924849
0.0
30.0
1.0
3.6626125959464857
1.8303601248824637
0.0
0.9607197489844014
0.0
0.9606416686735537
0.0
0.9605277567939642
0.0
0.9604123355639743
0.0
0.960279470314299
0.0
0.9601827955918631
0.0
0.9601753617410121
0.0
0.9600384577859621
0.0
0.9599102739671912
0.0
0.9598201504027075
0.0
0.9596699941902134
0.0
0.9596357959653095
0.0
0.9595563726816204
0.0
0.9594381515925423
0.0
0.9593560677173552
0.0
0.9592367946285737
0.0
0.9591327926015359
0.0
0.958997356677858
0.0
0.9589970060477121
0.0
0.9588484492361907
0.0
0.9588094101748479
0.0
0.9586594204879759
0.0
0.9584131921817046
0.0
0.958505872165779
0.0
0.9583002841591647
0.0
0.9582160586784464
0.0
0.9581597555231938
0.0
0.9580317075026782
0.0
0.9579043267711527
0.0
0.9578829945900877
0.0
31.0
1.0
5.889548857391151
2.9453226074767564
0.0
0.9293925174682808
0.0
0.9293289434519972
0.0
0.9291181243550639
0.0
0.9290521498814375
0.0
0.9288835747078642
0.0
0.9287563994167987
0.0
0.9287461389966553
0.0
0.9286127661449317
0.0
0.9284461629066371
0.0
0.9283265298087637
0.0
0.9281711036987992
0.0
0.9280841520156521
0.0
0.9280454701548299
0.0
0.9278647183818516
0.0
0.9277644328777883
0.0
0.9276387040096964
0.0
0.9274797492999158
0.0
0.9273514686216419
0.0
0.9273344780802235
0.0
0.927138678736249
0.0
0.927138304355528
0.0
0.9269411538014221
0.0
0.9266117790735501
0.0
0.9267518625665513
0.0
0.9265556103695388
0.0
0.9264266098138297
0.0
0.9263472688165431
0.0
0.9261948459317582
0.0
0.9260341161020993
0.0
0.9260562228785856
0.0
32.0
1.0
1.6269723689537534
0.8137569334674013
0.0
0.9406012033619918
0.0
0.940513248348507
0.0
0.9403338184514135
0.0
0.9402549904072717
0.0
0.9401297112354744
0.0
0.9400179743041621
0.0
0.9399681213886768
0.0
0.9398627532689123
0.0
0.9397442052000896
0.0
0.9396425182619923
0.0
0.9395074896265472
0.0
0.939412901211848
0.0
0.9394090782422014
0.0
0.9391740774572459
0.0
0.9391228759306826
0.0
0.9390192177769054
0.0
0.9388498216311878
0.0
0.9387722019819595
0.0
0.9387359978144262
0.0
0.9385768573323168
0.0
0.9385304984539872
0.0
0.9383923007536218
0.0
0.9381282451624642
0.0
0.9381670315560794
0.0
0.9380238532901268
0.0
0.9379196515477612
0.0
0.9378395495277735
0.0
0.9377131284021761
0.0
0.9375974611548108
0.0
0.9375946479088116
0.0
33.0
1.0
3.8605415301670205
1.927454394284347
0.0
0.9382486435123522
0.0
0.9381585084578593
0.0
0.9379738815778561
0.0
0.9378946735052851
0.0
0.9377675335237508
0.0
0.9376556143249076
0.0
0.9376028941962583
0.0
0.9374951064877278
0.0
0.9373755805237578
0.0
0.937275445012242
0.0
0.9371358961707188
0.0
0.9370410843125843
0.0
0.9370386608180249
0.0
0.9367963537451665
0.0
0.9367452610379337
0.0
0.936640737574537
0.0
0.9364671141134029
0.0
0.93638974465725
0.0
0.9363530194663984
0.0
0.9361914473123787
0.0
0.9361467541383494
0.0
0.9360039098023116
0.0
0.9357376662848096
0.0
0.9357749970400717
0.0
0.9356310539314303
0.0
0.9355260747108779
0.0
0.9354430515623391
0.0
0.9353152258517122
0.0
0.935198821978735
0.0
0.9351976715987254
0.0
34.0
1.0
0.0
0.0
0.0
0.9581719575708048
0.0
0.9581201648793843
0.0
0.9580055652289007
0.0
0.9579610635064508
0.0
0.9579175574410324
0.0
0.9578216309005945
0.0
0.9578066443824694
0.0
0.9577370406435731
0.0
0.9576703505337051
0.0
0.9575844538157429
0.0
0.9575366504595378
0.0
0.9574669266328201
0.0
0.9574678194137267
0.0
0.9573346148916283
0.0
0.9573204113987043
0.0
0.9572296266012658
0.0
0.9571530989213693
0.0
0.9570902563855972
0.0
0.9570853645452869
0.0
0.9569910801482979
0.0
0.956937024752791
0.0
0.9568781446385272
0.0
0.9567187795590183
0.0
0.9567306458452027
0.0
0.9566531073839905
0.0
0.9566119225654203
0.0
0.9565667503798958
0.0
0.956489125918007
0.0
0.9563976259667886
0.0
0.9563930358071746
0.0
35.0
1.0
6.088208506596902
3.0513171282406013
0.0
0.9649974956448524
0.0
0.9649492075024262
0.0
0.9648476919096926
0.0
0.9648043923660986
0.0
0.9647705967271463
0.0
0.9646786054303034
0.0
0.9646648591304101
0.0
0.9646031748342779
0.0
0.9645435468421111
0.0
0.9644580943558503
0.0
0.9644219662570811
0.0
0.9643563800951644
0.0
0.9643556169492264
0.0
0.9642337058257894
0.0
0.9642241794587322
0.0
0.9641383236200246
0.0
0.9640703065007805
0.0
0.9640104974146998
0.0
0.9640096593971919
0.0
0.963922613626277
0.0
0.9638648013156873
0.0
0.9638182427961888
0.0
0.9636742469198077
0.0
0.9636775316963756
0.0
0.9636102396719132
0.0
0.9635736370586577
0.0
0.9635335791806289
0.0
0.9634640341578729
0.0
0.9633760146850915
0.0
0.9633697046011613
0.0
36.0
1.0
0.0
0.0
0.0
0.9745776138756634
0.0
0.974538014762249
0.0
0.9744545271893785
0.0
0.9744151361580414
0.0
0.9743880617506487
0.0
0.9743071589890928
0.0
0.9742956886624509
0.0
0.9742442958359671
0.0
0.9741863301804103
0.0
0.9741114327775462
0.0
0.9740857564466989
0.0
0.9740233705495482
0.0
0.9740230580940148
0.0
0.9739150250962826
0.0
0.9739101717655076
0.0
0.9738310129045836
0.0
0.9737754023209916
0.0
0.9737192467203195
0.0
0.9737196285800883
0.0
0.9736435644857019
0.0
0.9735920912996379
0.0
0.9735543778957506
0.0
0.9734301844518081
0.0
0.9734248089073567
0.0
0.9733669308414721
0.0
0.9733328557847034
0.0
0.9732970496122969
0.0
0.9732343526777375
0.0
0.9731558602046584
0.0
0.9731479550847757
0.0
37.0
1.0
0.0
0.0
0.0
0.9832276773888751
0.0
0.9831941651437006
0.0
0.9831237324532497
0.0
0.9830866449678951
0.0
0.9830613921171463
0.0
0.9829900519718934
0.0
0.9829821401566297
0.0
0.9829354690910351
0.0
0.9828815242939483
0.0
0.9828151917744418
0.0
0.9827948470990661
0.0
0.9827364954896486
0.0
0.9827353944329771
0.0
0.9826423234135252
0.0
0.9826367832092552
0.0
0.9825648253406833
0.0
0.9825154229478806
0.0
0.9824645491137531
0.0
0.9824665485716524
0.0
0.9823978801640041
0.0
0.9823518826792129
0.0
0.9823173476153167
0.0
0.9822106401208867
0.0
0.982202947337791
0.0
0.9821489004917224
0.0
0.9821167605504632
0.0
0.9820846270113579
0.0
0.9820291941501156
0.0
0.9819584875394674
0.0
0.981948900365493
0.0
38.0
1.0
14.231243319132622
7.111321716648727
0.0
1.0100023428608718
0.0
1.009985294506322
0.0
1.009953297057415
0.0
1.0099215821331038
0.0
1.009898015751584
0.0
1.0098571234500073
0.0
1.009859859506462
0.0
1.0098233938123045
0.0
1.0097890607055935
0.0
1.0097503382686264
0.0
1.0097384803466678
0.0
1.0096965140274334
0.0
1.009691691140408
0.0
1.0096492270243347
0.0
1.0096347540410768
0.0
1.0095901668085667
0.0
1.009550685119302
0.0
1.0095197770889321
0.0
1.0095273934029056
0.0
1.0094825202193944
0.0
1.0094530204296552
0.0
1.0094198586155778
0.0
1.0093702172954082
0.0
1.0093641192544318
0.0
1.0093165894823248
0.0
1.0092893158031873
0.0
1.0092690370085293
0.0
1.0092410770027023
0.0
1.0091929666582682
0.0
1.0091777459352786
0.0
39.0
1.0
0.0
0.0
0.0
0.9813182895031274
0.0
0.9812843060234266
0.0
0.9812113308177837
0.0
0.981174575202893
0.0
0.9811506076324817
0.0
0.9810761989081482
0.0
0.9810678738366682
0.0
0.9810221759928329
0.0
0.9809647972155124
0.0
0.9808964030839402
0.0
0.9808778835163097
0.0
0.9808171395475995
0.0
0.9808167635133621
0.0
0.9807187106404852
0.0
0.9807161449602125
0.0
0.9806407419817875
0.0
0.9805934133016684
0.0
0.9805403917422482
0.0
0.980541512308752
0.0
0.9804709696095274
0.0
0.9804241004509302
0.0
0.9803917934282304
0.0
0.9802804276435816
0.0
0.9802699861373808
0.0
0.9802173927434139
0.0
0.9801851564416015
0.0
0.9801521918152775
0.0
0.9800936268093497
0.0
0.9800216569479833
0.0
0.9800128059743015
0.0
40.0
1.0
0.0
0.0
0.0
0.9719263918410774
0.0
0.9718865619027018
0.0
0.9718022127610629
0.0
0.9717631441472733
0.0
0.9717389911662273
0.0
0.9716557976881671
0.0
0.9716422240020836
0.0
0.9715932823388322
0.0
0.9715320006427851
0.0
0.971455442236533
0.0
0.9714318278196276
0.0
0.9713673935920436
0.0
0.9713683757475988
0.0
0.9712541264843402
0.0
0.9712535207714109
0.0
0.9711712744026127
0.0
0.9711183292959485
0.0
0.9710587631463201
0.0
0.9710586361538809
0.0
0.9709823720775347
0.0
0.970929697701145
0.0
0.9708950653338162
0.0
0.9707663903691851
0.0
0.9707568909462003
0.0
0.9707021242564131
0.0
0.9706676153313523
0.0
0.9706310244375606
0.0
0.9705653535492705
0.0
0.9704854132002679
0.0
0.9704781800726416
0.0
41.0
1.0
6.404453233360978
3.0450229231689554
0.0
1.000352289505151
0.0
1.0003126107517102
0.0
1.0003009920128585
0.0
1.000279785937964
0.0
1.0002834291666598
0.0
1.0002540069634585
0.0
1.000248816796541
0.0
1.0002344511243402
0.0
1.00018457862526
0.0
1.0001365985721935
0.0
1.000126029631786
0.0
1.0000958777848898
0.0
1.0001269439632943
0.0
1.00005235201327
0.0
1.0000530464732975
0.0
0.9999814491091642
0.0
0.9999980693520579
0.0
0.9998992657784292
0.0
0.9999360171813219
0.0
0.9998843164982428
0.0
0.9998601044961928
0.0
0.9998344679542702
0.0
0.9997444644812863
0.0
0.9997204084670068
0.0
0.9997392555860363
0.0
0.9997012641655201
0.0
0.9996890948678915
0.0
0.9996266299974046
0.0
0.9995656184290307
0.0
0.9995744019932594
0.0
42.0
1.0
7.220516721246606
4.471968914156586
0.0
0.9653684090230927
0.0
0.9653181462756772
0.0
0.9652514587937552
0.0
0.9651970652353663
0.0
0.9652008148043238
0.0
0.9651052561586287
0.0
0.9651036007126731
0.0
0.9650818087181504
0.0
0.9649709190755155
0.0
0.9648648279738479
0.0
0.9648665747701886
0.0
0.9648068192724206
0.0
0.9648261661036789
0.0
0.9646588050881298
0.0
0.9646773193589955
0.0
0.9645720367949139
0.0
0.9645767462212634
0.0
0.9644361985478307
0.0
0.9644887806672509
0.0
0.9643757714234922
0.0
0.9643299795358705
0.0
0.9643057977526256
0.0
0.9641421445696332
0.0
0.9640889131620699
0.0
0.964097769851034
0.0
0.9640488118036475
0.0
0.9640193297636737
0.0
0.9639181082681886
0.0
0.9638015105418497
0.0
0.963806736139744
0.0
43.0
1.0
2.0340086912258286
1.0160468569679943
0.0
1.01796924094019
0.0
1.0179630753128546
0.0
1.017966910409726
0.0
1.0179747012470148
0.0
1.0179992801931759
0.0
1.017998942919887
0.0
1.0179952442931077
0.0
1.0179995984290935
0.0
1.0179897396054491
0.0
1.0179937477681391
0.0
1.0179866004568172
0.0
1.0179805176805303
0.0
1.018002205288554
0.0
1.0179847669767481
0.0
1.0179940567514192
0.0
1.0179595814860627
0.0
1.0179825010338246
0.0
1.0179446951656137
0.0
1.017953341197222
0.0
1.0179552174010233
0.0
1.0179439334650207
0.0
1.0179367581487084
0.0
1.017912031412224
0.0
1.017895424063571
0.0
1.0179151731795737
0.0
1.0179110457377825
0.0
1.0179003970836444
0.0
1.0178803203848035
0.0
1.0178507556671927
0.0
1.017866483303284
0.0
44.0
1.0
12.212805501119934
1.8281559758655512
0.0
1.013680887234425
0.0
1.0136632602495277
0.0
1.0136440134874292
0.0
1.0136189504589328
0.0
1.0136080272887211
0.0
1.0135787728355363
0.0
1.0135821136857228
0.0
1.013553996439487
0.0
1.0135351066332114
0.0
1.0135076966267123
0.0
1.0134996008558022
0.0
1.0134733826483497
0.0
1.013467305785825
0.0
1.013440450665072
0.0
1.0134302361503131
0.0
1.0134038971168058
0.0
1.0133725187555704
0.0
1.0133516970564207
0.0
1.0133549648051918
0.0
1.0133277008829797
0.0
1.0133103508051002
0.0
1.0132796871134164
0.0
1.013251869401249
0.0
1.0132543214685998
0.0
1.0132142273003715
0.0
1.013199885859321
0.0
1.0131820105512048
0.0
1.0131712065618632
0.0
1.0131334373887697
0.0
1.0131266310273013
0.0
45.0
1.0
0.0
0.0
0.0
1.0321822752623124
0.0
1.0321750377961776
0.0
1.032185153259264
0.0
1.0321898142614268
0.0
1.0322086397311383
0.0
1.0322082596377375
0.0
1.0322025316938461
0.0
1.0322114137244154
0.0
1.0322421363251622
0.0
1.0322432081176458
0.0
1.0322454792813
0.0
1.0322616141567613
0.0
1.0322533213988414
0.0
1.0322606951541868
0.0
1.032279480729769
0.0
1.0322815018338325
0.0
1.0322959995667707
0.0
1.0322989121851662
0.0
1.0323021267817165
0.0
1.0323236082229732
0.0
1.0323277917488594
0.0
1.032331912129969
0.0
1.0323324163470753
0.0
1.0323599207805685
0.0
1.0323676575878684
0.0
1.0323788580396756
0.0
1.0323671487379424
0.0
1.032395947105314
0.0
1.0323939988063346
0.0
1.0324167390597256
0.0
46.0
1.0
0.0
0.0
0.0
1.0558011673240744
0.0
1.0558074711916017
0.0
1.055798102315231
0.0
1.0558018699631808
0.0
1.0557903770201709
0.0
1.0557866956984048
0.0
1.0557878887951182
0.0
1.0557807428690167
0.0
1.0557619522559172
0.0
1.0557612110456283
0.0
1.0557606751563537
0.0
1.0557425148200135
0.0
1.0557506406789436
0.0
1.0557380932352887
0.0
1.0557343109407358
0.0
1.0557179556761527
0.0
1.0557133114224664
0.0
1.0557087016302682
0.0
1.0557037554084665
0.0
1.0556929495935463
0.0
1.0556868746089716
0.0
1.0556787669581025
0.0
1.0556716369079449
0.0
1.0556534063488665
0.0
1.0556469646276867
0.0
1.0556374835324598
0.0
1.0556386825234745
0.0
1.0556261191519256
0.0
1.0556184383990912
0.0
1.0556071949076842
0.0
47.0
1.0
30.226122337939223
11.790380009329745
0.0
1.028189718700065
0.0
1.028185226070681
0.0
1.0281601809276737
0.0
1.0281433761750398
0.0
1.0281137407928824
0.0
1.0280878057108072
0.0
1.0280980636424069
0.0
1.028072765732611
0.0
1.0280217682406303
0.0
1.0280040025863417
0.0
1.0279990008880469
0.0
1.0279637611713546
0.0
1.0279666404969523
0.0
1.0279342903196658
0.0
1.027913163738665
0.0
1.0278809769475035
0.0
1.0278553039882214
0.0
1.0278345236594741
0.0
1.0278380502971796
0.0
1.0277893677637144
0.0
1.0277742310753404
0.0
1.0277555914555159
0.0
1.0277254205519861
0.0
1.0276964175366183
0.0
1.0276605517440807
0.0
1.0276435360081202
0.0
1.0276388763448308
0.0
1.0276006382716638
0.0
1.0275800815345244
0.0
1.0275498063887034
0.0
48.0
1.0
0.0
0.0
0.0
1.0230794372917869
0.0
1.0230737375174268
0.0
1.0230473138554042
0.0
1.0230262361256488
0.0
1.0229979655248822
0.0
1.0229672060309474
0.0
1.0229785896216705
0.0
1.0229455520509296
0.0
1.0229030310741838
0.0
1.022879743380257
0.0
1.0228713471822293
0.0
1.0228306907239646
0.0
1.022833352101776
0.0
1.0227988845004903
0.0
1.0227789543286985
0.0
1.0227431111878618
0.0
1.0227114416230096
0.0
1.0226870062720022
0.0
1.022691342005271
0.0
1.0226451124139382
0.0
1.022625513233973
0.0
1.022601344851282
0.0
1.0225668780195407
0.0
1.0225432825041223
0.0
1.0225057344161652
0.0
1.022482134894267
0.0
1.02247047986269
0.0
1.0224386778876997
0.0
1.022408903284852
0.0
1.0223824652469433
0.0
49.0
1.0
18.300482880304536
8.655918848572698
0.0
1.0313250352336387
0.0
1.0313439993537739
0.0
1.0313232744202883
0.0
1.031313055653752
0.0
1.0312765787359748
0.0
1.0312492940993507
0.0
1.0312872025637154
0.0
1.03122599909815
0.0
1.0312024465576166
0.0
1.031188999390236
0.0
1.0311752256353623
0.0
1.031112447303747
0.0
1.0311342191071189
0.0
1.0311100543871183
0.0
1.0310828244091526
0.0
1.0310467816904105
0.0
1.031008369758588
0.0
1.0309842359446353
0.0
1.0309818956501224
0.0
1.0309442520531924
0.0
1.0309265965387093
0.0
1.0309013622200116
0.0
1.0308842948013204
0.0
1.03084146234214
0.0
1.0308210458742362
0.0
1.0307737361053146
0.0
1.030753143745404
0.0
1.030738842303506
0.0
1.0307139599563493
0.0
1.0306741302300433
0.0
50.0
1.0
21.34495178996931
10.687317930208643
0.0
1.017630814795778
0.0
1.0176450489433768
0.0
1.0176286045331049
0.0
1.0176500809353608
0.0
1.0175697987007437
0.0
1.017534206179793
0.0
1.0176451210795199
0.0
1.0175330907042914
0.0
1.017495342676686
0.0
1.0174902493911921
0.0
1.0174626888150589
0.0
1.0173584578223058
0.0
1.017395368356557
0.0
1.0173784324480468
0.0
1.0173561700952993
0.0
1.0172983216947844
0.0
1.0172158831230729
0.0
1.0171909742951368
0.0
1.017204374063896
0.0
1.0171398964819423
0.0
1.0171255141184574
0.0
1.0170991176500823
0.0
1.0170762005610108
0.0
1.017032588324291
0.0
1.017008397479843
0.0
1.0169240301858986
0.0
1.016900060805247
0.0
1.0168750520956247
0.0
1.016856906888291
0.0
1.0167944583850652
0.0
51.0
1.0
18.318694953309304
5.387332015035613
0.0
1.0482430142727488
0.0
1.0482919327580391
0.0
1.048283784441032
0.0
1.048337935183238
0.0
1.0482954066079773
0.0
1.048314752625892
0.0
1.0483441009373273
0.0
1.04831409494226
0.0
1.0482758040987505
0.0
1.0483283003758355
0.0
1.0482887981149591
0.0
1.0482339088471089
0.0
1.0482948692816123
0.0
1.0482823388770486
0.0
1.0482644402312284
0.0
1.0482215524955036
0.0
1.0482128111874809
0.0
1.0482228010238563
0.0
1.0481904472934729
0.0
1.0481858081017268
0.0
1.048177097012179
0.0
1.048159414710914
0.0
1.0481986015973257
0.0
1.0481083845576247
0.0
1.048135939069004
0.0
1.0480761344254892
0.0
1.048111292685386
0.0
1.0480606932247565
0.0
1.0480504693916521
0.0
1.0480240801131246
0.0
52.0
1.0
4.9791819160606865
2.236857419814889
0.0
1.0186889951467086
0.0
1.0186275597383285
0.0
1.018573254452609
0.0
1.0186408959341817
0.0
1.018629881876358
0.0
1.0186516452915702
0.0
1.0186137994762405
0.0
1.0186680174340665
0.0
1.0186841029033138
0.0
1.0186490709474976
0.0
1.0186128245572907
0.0
1.018696531263266
0.0
1.0186377558287285
0.0
1.0186958344161285
0.0
1.0186788410137846
0.0
1.0186468545191893
0.0
1.0186899316127394
0.0
1.0186225322135591
0.0
1.0186544178181067
0.0
1.0187143101162488
0.0
1.0187228354160691
0.0
1.0186519406064771
0.0
1.0186306450162754
0.0
1.01871665324895
0.0
1.0186668630026312
0.0
1.018762848376236
0.0
1.0186271857712228
0.0
1.0186962978581386
0.0
1.0186029535667134
0.0
1.01870424633388
0.0
53.0
1.0
20.30367440592719
10.181793601012844
0.0
1.0078620327062107
0.0
1.007795421174442
0.0
1.0076986974856308
0.0
1.0077968411869687
0.0
1.00776983605536
0.0
1.0077626625376772
0.0
1.007729114402766
0.0
1.0077811371313286
0.0
1.0077740085886377
0.0
1.0077148339005189
0.0
1.0076731462497373
0.0
1.0077328375890426
0.0
1.0076754692755931
0.0
1.0077367951964473
0.0
1.0076940383565085
0.0
1.0076388751191068
0.0
1.007671687659123
0.0
1.0075972103987691
0.0
1.0076061649276196
0.0
1.0076700797879512
0.0
1.0076858038994172
0.0
1.007569650137755
0.0
1.0075378516293596
0.0
1.0076187267899837
0.0
1.0075483173687476
0.0
1.0076380600459702
0.0
1.0074841522541311
0.0
1.0075529198343218
0.0
1.0074255033893542
0.0
1.0075268003195121
0.0
54.0
1.0
4.16789727955946
1.425844099008253
0.0
1.028643749313029
0.0
1.028603493874619
0.0
1.0285642826393622
0.0
1.0286219278210975
0.0
1.0286420957416587
0.0
1.0286500472703355
0.0
1.0286138361407573
0.0
1.0286634107999975
0.0
1.028663337367387
0.0
1.0286528279157519
0.0
1.0286242848241898
0.0
1.0286566596199875
0.0
1.0286475516631892
0.0
1.0286852389699002
0.0
1.0286572445028317
0.0
1.0286226739201128
0.0
1.0286659117910468
0.0
1.0286027001741809
0.0
1.0285898049676163
0.0
1.0286628863224054
0.0
1.0286616940369697
0.0
1.0285903723151737
0.0
1.0285823804692895
0.0
1.0286183112801957
0.0
1.028582526077165
0.0
1.028647057718771
0.0
1.028550781517039
0.0
1.0285903514643666
0.0
1.0285037843416673
0.0
1.0285538978284268
0.0
55.0
1.0
6.915002034768594
3.46041602985033
0.0
1.0584328990319405
0.0
1.058426792248395
0.0
1.0584556078045029
0.0
1.0584782960996197
0.0
1.0585383929926624
0.0
1.0585811735734099
0.0
1.058550973893806
0.0
1.0585950718994255
0.0
1.0586193853282808
0.0
1.058663584598426
0.0
1.0586353215928537
0.0
1.0586637941035781
0.0
1.0586914341201925
0.0
1.058716490889674
0.0
1.058728316330744
0.0
1.0587087329433094
0.0
1.0587492489962986
0.0
1.0587166911935026
0.0
1.0587028656243895
0.0
1.0587682506851617
0.0
1.0587667056129844
0.0
1.0587576660166744
0.0
1.0587709190290024
0.0
1.0587664897699904
0.0
1.0587747703920691
0.0
1.058827352683874
0.0
1.058784896890385
0.0
1.0587966331294107
0.0
1.0587540234252328
0.0
1.0587741861132722
0.0
56.0
1.0
7.7277757070459066
2.235950095597765
0.0
0.9631955203453535
0.0
0.9631502982930141
0.0
0.9630637665439348
0.0
0.9630172338070027
0.0
0.9630033106301509
0.0
0.9628970674172703
0.0
0.9628776991829063
0.0
0.9628396569269958
0.0
0.9627316422444052
0.0
0.9626232118640717
0.0
0.962630404755587
0.0
0.9625464692322366
0.0
0.9625683175835393
0.0
0.9623859194234636
0.0
0.9624181424415784
0.0
0.9622873668045396
0.0
0.9622817014145882
0.0
0.9621507873960301
0.0
0.962191006302428
0.0
0.9620784171180013
0.0
0.9620232263778978
0.0
0.962010737769655
0.0
0.9618355924907251
0.0
0.9617666989363416
0.0
0.961767799924305
0.0
0.9617060790147043
0.0
0.9616701208126379
0.0
0.9615640353807592
0.0
0.9614703391803722
0.0
0.961467762985089
0.0
57.0
1.0
6.8041763877166535
2.032167970158368
0.0
0.9567990434979996
0.0
0.95674738694614
0.0
0.9566324403049993
0.0
0.9565916146794358
0.0
0.9565637605727622
0.0
0.9564339436282409
0.0
0.9564384153152584
0.0
0.9563780658906852
0.0
0.9562531893727685
0.0
0.9561360709393052
0.0
0.9561505533568624
0.0
0.9560467641756882
0.0
0.9560663475899918
0.0
0.9558838084237528
0.0
0.9559118512350302
0.0
0.9557598511936441
0.0
0.9557569207317187
0.0
0.9556432379141013
0.0
0.9556705733730726
0.0
0.9555256403853828
0.0
0.9554693706149795
0.0
0.9554623454336276
0.0
0.9552657198218077
0.0
0.9552041768550684
0.0
0.9551848708010896
0.0
0.955131094514208
0.0
0.9550879380727734
0.0
0.954969950941342
0.0
0.9548728423457198
0.0
0.9548754032689457
0.0
1.0
2.0
2.0
3.0
3.0
4.0
4.0
5.0
4.0
6.0
6.0
7.0
6.0
8.0
8.0
9.0
9.0
10.0
9.0
11.0
9.0
12.0
9.0
13.0
13.0
14.0
13.0
15.0
1.0
15.0
1.0
16.0
1.0
17.0
3.0
15.0
4.0
18.0
4.0
18.0
5.0
6.0
7.0
8.0
10.0
12.0
11.0
13.0
12.0
13.0
12.0
16.0
12.0
17.0
14.0
15.0
18.0
19.0
19.0
20.0
21.0
20.0
21.0
22.0
22.0
23.0
23.0
24.0
24.0
25.0
24.0
25.0
24.0
26.0
26.0
27.0
27.0
28.0
28.0
29.0
7.0
29.0
25.0
30.0
30.0
31.0
31.0
32.0
32.0
33.0
34.0
32.0
34.0
35.0
35.0
36.0
36.0
37.0
37.0
38.0
37.0
39.0
36.0
40.0
22.0
38.0
11.0
41.0
41.0
42.0
41.0
43.0
38.0
44.0
15.0
45.0
14.0
46.0
46.0
47.0
47.0
48.0
48.0
49.0
49.0
50.0
50.0
51.0
10.0
51.0
13.0
49.0
29.0
52.0
52.0
53.0
53.0
54.0
54.0
55.0
11.0
43.0
44.0
45.0
40.0
56.0
56.0
41.0
56.0
42.0
39.0
57.0
57.0
56.0
38.0
49.0
38.0
48.0
9.0
55.0
