14.0
30.0
20.0
1.0
3.0
0.0
0.0
0.0
1.0599998672813464
0.0
1.059999867040017
0.0
1.0599998667417707
0.0
1.0599998667616675
0.0
1.059999866546183
0.0
1.0599998665578299
0.0
1.0599998665331256
0.0
1.0599998660619132
0.0
1.0599998658138876
0.0
1.0599998657094922
0.0
1.0599998650925888
0.0
1.059999864818724
0.0
1.0599998650024203
0.0
1.0599998648916644
0.0
1.059999864644802
0.0
1.059999863991866
0.0
1.0599998640886916
0.0
1.059999863843772
0.0
1.0599998631801888
0.0
1.059999863245446
0.0
1.0599998620853517
0.0
1.0599998625440046
0.0
1.0599998612516017
0.0
1.059999861726693
0.0
1.0599998607147483
0.0
1.0599998610308632
0.0
1.0599998616883823
0.0
1.0599998610198365
0.0
1.0599998599069507
0.0
1.059999859922212
0.0
2.0
2.0
22.067536766998373
12.919957632105639
0.0
1.038190093253243
0.0
1.0381865730256514
0.0
1.0381853562643377
0.0
1.0381830982418792
0.0
1.0381842558962182
0.0
1.0381845595323747
0.0
1.0381827021706416
0.0
1.0381802854647495
0.0
1.0381792715795286
0.0
1.0381778480848292
0.0
1.0381752029967442
0.0
1.0381728055849075
0.0
1.0381774789629912
0.0
1.0381738519220642
0.0
1.0381751651750204
0.0
1.0381716589082362
0.0
1.038170352716272
0.0
1.038170257160218
0.0
1.0381676798578894
0.0
1.038169067159207
0.0
1.038163231503048
0.0
1.038166705227886
0.0
1.0381597235200442
0.0
1.03816163763018
0.0
1.0381552203217639
0.0
1.0381581843345382
0.0
1.0381612748255602
0.0
1.0381601880483342
0.0
1.0381526472149807
0.0
1.0381557141023112
0.0
3.0
2.0
95.70852153066406
19.302718046086778
0.0
1.0004713959348874
0.0
1.0004072857709922
0.0
1.0004413072359488
0.0
1.000423758743647
0.0
1.0004249355754955
0.0
1.000451891438975
0.0
1.0004502418318066
0.0
1.0004499669792493
0.0
1.0004431430482454
0.0
1.0004528377920316
0.0
1.0004599826428797
0.0
1.0004437556538406
0.0
1.0004935585821582
0.0
1.0004603468160522
0.0
1.000470274185128
0.0
1.00047181467812
0.0
1.0004670789292316
0.0
1.0004847626874582
0.0
1.0004845525731971
0.0
1.0004729923787117
0.0
1.0004665524797045
0.0
1.0004970021006359
0.0
1.000482470236444
0.0
1.000483200470725
0.0
1.0004659259741602
0.0
1.0004791809606586
0.0
1.000488762393837
0.0
1.0005187174624686
0.0
1.0004999299340191
0.0
1.0005123851630242
0.0
4.0
1.0
48.619484504223365
-3.9671089890502764
0.0
1.0028657637645177
0.0
1.002879914660826
0.0
1.0028651677026583
0.0
1.0028691163962835
0.0
1.0028549380375955
0.0
1.002866810798052
0.0
1.0028676823623444
0.0
1.0028503074162194
0.0
1.0028551704354944
0.0
1.0028519935172673
0.0
1.00284085478782
0.0
1.002851833224358
0.0
1.0028320755547055
0.0
1.0028397290304345
0.0
1.0028274270867241
0.0
1.0028255847522551
0.0
1.0028315873266322
0.0
1.002818657247487
0.0
1.0028024578718442
0.0
1.0028102235372527
0.0
1.0028065878438566
0.0
1.0028035638713781
0.0
1.0028103638730177
0.0
1.0027970604835739
0.0
1.0028080047391328
0.0
1.0028019185303578
0.0
1.0027914964770919
0.0
1.0027890635788446
0.0
1.0027959873241592
0.0
1.0027831295599234
0.0
5.0
1.0
7.7261256506597915
1.628228225415331
0.0
1.0078145361947561
0.0
1.0078277446803614
0.0
1.0078143921730889
0.0
1.0078149690511853
0.0
1.0078020727582608
0.0
1.0078093250577773
0.0
1.007805401167813
0.0
1.0077930795254963
0.0
1.0077945692105115
0.0
1.0077883021408236
0.0
1.0077772038784747
0.0
1.0077835238629924
0.0
1.0077660856776078
0.0
1.0077697964351566
0.0
1.0077593509167326
0.0
1.0077519085545654
0.0
1.007755083990409
0.0
1.0077433073985849
0.0
1.0077354327670258
0.0
1.0077317587357582
0.0
1.0077279045028362
0.0
1.007721645823126
0.0
1.0077285926310624
0.0
1.0077163556860849
0.0
1.007723028622438
0.0
1.0077156007638681
0.0
1.0077074378435988
0.0
1.0076978540381623
0.0
1.0077033215144484
0.0
1.0076945870760996
0.0
6.0
2.0
11.37615918557139
7.623824471889548
0.0
1.0340816507482542
0.0
1.034098966603186
0.0
1.034080661981835
0.0
1.0340840067350097
0.0
1.03406951381594
0.0
1.0340660708815437
0.0
1.034049376557683
0.0
1.0340489005382028
0.0
1.034045858711563
0.0
1.0340386589583086
0.0
1.0340150035718658
0.0
1.034017045459462
0.0
1.0339948853479033
0.0
1.0339961782727882
0.0
1.0339815973285358
0.0
1.0339669463233843
0.0
1.0339621494370845
0.0
1.0339544849651974
0.0
1.0339579022406071
0.0
1.0339249663619725
0.0
1.0339249510428843
0.0
1.0339123496378133
0.0
1.0339270619600016
0.0
1.0339098914368356
0.0
1.0339190369720226
0.0
1.0339030483981755
0.0
1.0338963121503273
0.0
1.0338657613318065
0.0
1.0338795052399818
0.0
1.033872934444984
0.0
7.0
1.0
0.0
0.0
0.0
1.0264364362053737
0.0
1.0264627283947294
0.0
1.026461969938218
0.0
1.0264668725665829
0.0
1.0264575420662265
0.0
1.0264654192618248
0.0
1.026451627670824
0.0
1.0264634774740264
0.0
1.026477867413383
0.0
1.0264751576489288
0.0
1.026482479547448
0.0
1.026502420220594
0.0
1.0264688729089766
0.0
1.0264688920394855
0.0
1.0264658490649468
0.0
1.0264835877563923
0.0
1.0264753803431923
0.0
1.0264676986930485
0.0
1.0264857100328464
0.0
1.0264650585359054
0.0
1.0265066209965592
0.0
1.0264735216284084
0.0
1.0265418315377628
0.0
1.0264941139084767
0.0
1.0265418795663794
0.0
1.0265119863715861
0.0
1.0264712265572142
0.0
1.0264696023339956
0.0
1.026518316398909
0.0
1.0265054098074478
0.0
8.0
2.0
0.0
0.0
0.0
1.042584973744807
0.0
1.042575623224901
0.0
1.0426427516739682
0.0
1.0426587028587833
0.0
1.0426967776063565
0.0
1.0426611090231737
0.0
1.0426818580312782
0.0
1.042766803729217
0.0
1.042770860263944
0.0
1.0428074845836681
0.0
1.0428762336508846
0.0
1.0428726919490476
0.0
1.042879825760007
0.0
1.042903951338707
0.0
1.0429301274395766
0.0
1.042991748950719
0.0
1.042982339157325
0.0
1.0430312160552813
0.0
1.0431022142211652
0.0
1.0430780614364366
0.0
1.043164749271751
0.0
1.0431393028933102
0.0
1.043206494214587
0.0
1.043218160802677
0.0
1.0432703426073864
0.0
1.0432541137344682
0.0
1.0432484111123463
0.0
1.043281160921996
0.0
1.0433473538898053
0.0
1.0433566933514649
0.0
9.0
1.0
29.97957935689118
16.87532464495
0.0
1.0168832945402673
0.0
1.0169380660876044
0.0
1.0169024439126968
0.0
1.016900901546262
0.0
1.0168646833570667
0.0
1.0168975135494356
0.0
1.0168544264682393
0.0
1.0168362057132843
0.0
1.0168620033155866
0.0
1.0168350117939244
0.0
1.0168138141499496
0.0
1.0168530049152036
0.0
1.0167870308479023
0.0
1.0167678882029436
0.0
1.0167516135607892
0.0
1.016752268973214
0.0
1.0167372661147442
0.0
1.0166971762647918
0.0
1.0167002846627395
0.0
1.0166667787320798
0.0
1.0167039793103305
0.0
1.0166503147399641
0.0
1.0167516007524027
0.0
1.01664884963996
0.0
1.0167130981073962
0.0
1.0166622192907095
0.0
1.0165837292030873
0.0
1.0165610917437964
0.0
1.0166207921360055
0.0
1.0165941188052434
0.0
10.0
1.0
9.143599295605265
5.8998044868338315
0.0
1.0114557245547695
0.0
1.0115173152632242
0.0
1.0114788841908846
0.0
1.011460662085984
0.0
1.0114322310527144
0.0
1.0114449510958898
0.0
1.0114156416789681
0.0
1.011395381129767
0.0
1.0114103358628534
0.0
1.0113948049548933
0.0
1.0113619320675646
0.0
1.0113926606900485
0.0
1.0113217590744186
0.0
1.0113017574278276
0.0
1.0112797972040575
0.0
1.0112782989321794
0.0
1.01125597117587
0.0
1.0112178357631931
0.0
1.0112212012821424
0.0
1.0111829735124864
0.0
1.0112196118398882
0.0
1.0111536928029816
0.0
1.0112451506709936
0.0
1.011142226411582
0.0
1.0112039634530434
0.0
1.0111555833059556
0.0
1.011070464407353
0.0
1.0110414601981959
0.0
1.0110957892286212
0.0
1.0110696309890315
0.0
11.0
1.0
3.5585488591925447
1.8277276232796698
0.0
1.0187656171389994
0.0
1.0188006828018488
0.0
1.0187728017071962
0.0
1.018760980210492
0.0
1.018737220214444
0.0
1.0187382575375865
0.0
1.0187180528956115
0.0
1.0187056098539917
0.0
1.0187103118602026
0.0
1.018698890361268
0.0
1.0186648778644651
0.0
1.0186799914007312
0.0
1.0186332935206985
0.0
1.0186209029841327
0.0
1.0186036318938994
0.0
1.0185904463280975
0.0
1.018575955626488
0.0
1.0185492288204587
0.0
1.0185533002954767
0.0
1.0185104743189626
0.0
1.0185305162780487
0.0
1.018489146055768
0.0
1.018541202871555
0.0
1.018478438827366
0.0
1.018512064405039
0.0
1.0184819464487456
0.0
1.018430463580859
0.0
1.018397943611401
0.0
1.0184295038710847
0.0
1.0184146793855207
0.0
12.0
1.0
6.190406091659799
1.6284435581450725
0.0
1.015741240802834
0.0
1.0157936037452628
0.0
1.0157513557805746
0.0
1.0157506248876744
0.0
1.0157224615717024
0.0
1.0157089601603726
0.0
1.0156713582907484
0.0
1.015664085671093
0.0
1.0156602462998925
0.0
1.0156340540745592
0.0
1.015605860642758
0.0
1.0155931273525887
0.0
1.0155478453052023
0.0
1.0155527756320124
0.0
1.0155309279417377
0.0
1.015489463391912
0.0
1.015468920884779
0.0
1.0154561160416593
0.0
1.0154435009960874
0.0
1.015404260695399
0.0
1.01538556940381
0.0
1.015362357148118
0.0
1.015390494752388
0.0
1.0153585378830188
0.0
1.0153613989486674
0.0
1.015329821058665
0.0
1.0152897512756094
0.0
1.015259474310274
0.0
1.0152649643348466
0.0
1.0152671086458378
0.0
13.0
1.0
13.719624302887047
5.890927976461405
0.0
1.0108008971872362
0.0
1.0108299937457947
0.0
1.0107904443614322
0.0
1.0108047820282786
0.0
1.010760198466437
0.0
1.0107559687586485
0.0
1.0107194939002218
0.0
1.01069577283722
0.0
1.010704864015902
0.0
1.0106689727490952
0.0
1.010618540639126
0.0
1.0106380214343695
0.0
1.0105730950946874
0.0
1.0105763814319781
0.0
1.0105525821096615
0.0
1.0105085981003106
0.0
1.010494603382144
0.0
1.010471696636372
0.0
1.0104607720956065
0.0
1.0104100277545185
0.0
1.0104055427868277
0.0
1.0103791281315433
0.0
1.010410668050874
0.0
1.010357643133408
0.0
1.010377661143365
0.0
1.0103452007072395
0.0
1.010303781786897
0.0
1.010267635463699
0.0
1.010270090069325
0.0
1.0102652446063523
0.0
14.0
1.0
15.140236452987976
5.074189820328981
0.0
0.9921949946244131
0.0
0.9922188789395694
0.0
0.9921253979958599
0.0
0.9922041049444843
0.0
0.9921196476923518
0.0
0.9921368830088569
0.0
0.9920512900220265
0.0
0.9920348845269731
0.0
0.9920872349446372
0.0
0.9920207005672319
0.0
0.9919312457759017
0.0
0.9919763102743143
0.0
0.9918887597615031
0.0
0.9918590801917182
0.0
0.9918350433319754
0.0
0.991777704207474
0.0
0.9917384414591506
0.0
0.9917155490925287
0.0
0.99169717455018
0.0
0.9916376307896458
0.0
0.9916332734675644
0.0
0.9915812810930053
0.0
0.9916815828291629
0.0
0.9915671117365815
0.0
0.9916174314254914
0.0
0.9915620042649567
0.0
0.9914791931519878
0.0
0.9914452459920395
0.0
0.9914911818470837
0.0
0.9914431587809511
0.0
1.0
2.0
1.0
5.0
2.0
3.0
2.0
4.0
2.0
5.0
3.0
4.0
4.0
5.0
4.0
7.0
4.0
9.0
5.0
6.0
6.0
11.0
6.0
12.0
6.0
13.0
7.0
8.0
7.0
9.0
9.0
10.0
9.0
14.0
10.0
11.0
12.0
13.0
13.0
14.0
