9.0
30.0
9.0
1.0
3.0
0.0
0.0
345.0
1.1329313226645883
0.0
1.1330052294617794
0.0
1.1331326557168253
0.0
1.1332511299364862
0.0
1.133333956679356
0.0
1.1335325134440568
0.0
1.1343571878343526
0.0
1.1340376754137578
0.0
1.1340445711688687
0.0
1.1342931478242466
0.0
1.1349248437738462
0.0
1.135346974831266
0.0
1.1349387998949683
0.0
1.1354796660051316
0.0
1.1361226728998155
0.0
1.1360590799706682
0.0
1.1361516812531087
0.0
1.136512575273464
0.0
1.1362012188750357
0.0
1.136754839886284
0.0
1.1372333468302915
0.0
1.1372505132167692
0.0
1.1375786710964135
0.0
1.137732683608959
0.0
1.1379344346209668
0.0
1.1381944227937308
0.0
1.1386254667939624
0.0
1.1388237084857047
0.0
1.1387037360386003
0.0
1.1395315099819314
0.0
2.0
2.0
0.0
0.0
345.0
1.1261382592534068
0.0
1.126152520895584
0.0
1.1262271357235047
0.0
1.1263997694398902
0.0
1.126430160551055
0.0
1.126559811245339
0.0
1.126966683666797
0.0
1.1268444073605957
0.0
1.1269395718414137
0.0
1.127115228449999
0.0
1.127423031983364
0.0
1.1276707159779755
0.0
1.1274648001258019
0.0
1.1278858598219828
0.0
1.1285939549168635
0.0
1.1283923773005726
0.0
1.1284725838241059
0.0
1.1287777675028767
0.0
1.128702416142382
0.0
1.1292655773186173
0.0
1.1295739903522641
0.0
1.1296687838192032
0.0
1.1298566178026466
0.0
1.1300956213758926
0.0
1.1304407066414568
0.0
1.130497207371938
0.0
1.1308986526552893
0.0
1.1312325531132275
0.0
1.1310011015997146
0.0
1.1318344105111233
0.0
3.0
2.0
0.0
0.0
345.0
1.1288588995689475
0.0
1.1288764404911444
0.0
1.1289424267208967
0.0
1.129128656496499
0.0
1.1291098106791377
0.0
1.129266578621535
0.0
1.1297034215971582
0.0
1.1295941342984213
0.0
1.1295985225253307
0.0
1.1298143115327848
0.0
1.1301857293574946
0.0
1.1304261424564854
0.0
1.1301468019089669
0.0
1.1306263223390616
0.0
1.1313004683370926
0.0
1.131154990667874
0.0
1.131228710585533
0.0
1.1315344237548446
0.0
1.1313805273015656
0.0
1.1319307181752867
0.0
1.1323003235350704
0.0
1.1323739637762875
0.0
1.1325938678269514
0.0
1.1327888542164957
0.0
1.1330490415191705
0.0
1.1331999828455857
0.0
1.1335858648745754
0.0
1.1338625757646745
0.0
1.133671917722322
0.0
1.1345424592512596
0.0
4.0
1.0
0.0
0.0
345.0
1.0549453667203026
0.0
1.0550311739176463
0.0
1.05511268087242
0.0
1.0552250278379292
0.0
1.0552653095582383
0.0
1.0554458525687647
0.0
1.0561944977871438
0.0
1.0558950650332029
0.0
1.0558431776163328
0.0
1.0560656270225746
0.0
1.0566669005335638
0.0
1.0570531263850613
0.0
1.056644183576774
0.0
1.0571269756002561
0.0
1.057944016090528
0.0
1.0577277244101735
0.0
1.0578766783032556
0.0
1.0581734806621599
0.0
1.0578154271596303
0.0
1.058483241623119
0.0
1.0589195235493079
0.0
1.0589380297169013
0.0
1.059243163049347
0.0
1.0593830963709319
0.0
1.0595347612552666
0.0
1.0598161005949878
0.0
1.0602871026734884
0.0
1.0604464875960649
0.0
1.0603161614039207
0.0
1.0612423457997073
0.0
5.0
1.0
311.1702178510725
125.03714207351003
345.0
0.9379352364191312
0.0
0.9379265693513958
0.0
0.937797009943706
0.0
0.938063420627091
0.0
0.9380434430472883
0.0
0.938178402054345
0.0
0.9387092956785539
0.0
0.9385144472412558
0.0
0.9384087549876305
0.0
0.9385832627480892
0.0
0.9391058885444988
0.0
0.9392946594171894
0.0
0.9389878719058156
0.0
0.9394063315655302
0.0
0.9403065494635361
0.0
0.9399103878219283
0.0
0.9400273544919854
0.0
0.9402126974567312
0.0
0.9400431115052662
0.0
0.9407337800994667
0.0
0.9410093089321722
0.0
0.9411060080838037
0.0
0.9412284457318741
0.0
0.9414191179297823
0.0
0.9415830330008325
0.0
0.9417536141887667
0.0
0.9421729499939404
0.0
0.9424213073236037
0.0
0.9421690233136396
0.0
0.9430618391364798
0.0
6.0
1.0
0.0
0.0
345.0
1.1024469396545091
0.0
1.1024502389534752
0.0
1.102453722303934
0.0
1.102646407923203
0.0
1.1026645948127962
0.0
1.1028226311840954
0.0
1.1033804977931256
0.0
1.1031982946080023
0.0
1.1031590105882927
0.0
1.1033671249527304
0.0
1.1038464082363482
0.0
1.1041368277309584
0.0
1.1037799495745848
0.0
1.1043090170527876
0.0
1.1052137776006759
0.0
1.1049164505891995
0.0
1.1049971597354595
0.0
1.1053330949467406
0.0
1.1051125434788183
0.0
1.1058305896580962
0.0
1.1062507090149671
0.0
1.1063454515701294
0.0
1.1065541952854578
0.0
1.1067825570502439
0.0
1.1070046209929625
0.0
1.1072245007150747
0.0
1.1076756490204502
0.0
1.1079854029668519
0.0
1.107729609724671
0.0
1.1087799911424603
0.0
7.0
1.0
217.56990560663542
72.36947894926928
345.0
1.0671522744801782
0.0
1.0671212288237797
0.0
1.0671201792098433
0.0
1.0672255949394918
0.0
1.0672910696493327
0.0
1.0674220181426557
0.0
1.0679883128882508
0.0
1.0677969281898416
0.0
1.0677024615330812
0.0
1.0678763222687992
0.0
1.0683526116346609
0.0
1.0686753472359956
0.0
1.068241488484814
0.0
1.0688076320257884
0.0
1.0696957063932242
0.0
1.0694149911425963
0.0
1.0694163628383182
0.0
1.0698075716525388
0.0
1.0695123100385704
0.0
1.0702262259645878
0.0
1.070725278863285
0.0
1.0708202167632588
0.0
1.071015396091168
0.0
1.0712263346599604
0.0
1.0713225724832023
0.0
1.0716523039605776
0.0
1.0720483183233263
0.0
1.07234745292629
0.0
1.0720911464110585
0.0
1.0731603848764912
0.0
8.0
1.0
0.0
0.0
345.0
1.1020574777204641
0.0
1.102074797446608
0.0
1.1021403148264968
0.0
1.1022623675768894
0.0
1.102316461689819
0.0
1.1024561037601208
0.0
1.1030305807455953
0.0
1.1028284757802387
0.0
1.1028194368912414
0.0
1.103005055723211
0.0
1.1034607387940987
0.0
1.1037986084780163
0.0
1.1034330527789833
0.0
1.1039456296989625
0.0
1.1048232578078998
0.0
1.104557052243533
0.0
1.104633698594214
0.0
1.1049899580925413
0.0
1.1047390533626418
0.0
1.105446695725034
0.0
1.1058785772697597
0.0
1.1059605574655258
0.0
1.1061986164620252
0.0
1.1064125594758811
0.0
1.1066272782070588
0.0
1.106854361585881
0.0
1.1073069338387909
0.0
1.107600698948493
0.0
1.1073751743589377
0.0
1.108395801236652
0.0
9.0
1.0
239.59477882915473
82.78591639095573
345.0
0.9979358840502579
0.0
0.9981120179348112
0.0
0.9983521191866948
0.0
0.9982692834160752
0.0
0.9983021282379217
0.0
0.998459909471074
0.0
0.9991485247404973
0.0
0.9988507296693021
0.0
0.998793658684945
0.0
0.9989815038496669
0.0
0.9994767118265429
0.0
0.9999434701728793
0.0
0.9995079039037696
0.0
0.9998952515771072
0.0
1.0007084073877568
0.0
1.0005239194767637
0.0
1.0007442982144996
0.0
1.0010213245232733
0.0
1.000489893940943
0.0
1.0011656535580167
0.0
1.0016267968402879
0.0
1.0015717181189683
0.0
1.0019801324996294
0.0
1.0020280352104134
0.0
1.002088888026222
0.0
1.002448295848731
0.0
1.0029439832015057
0.0
1.0029492183431672
0.0
1.0029514833732083
0.0
1.0038454980215459
0.0
1.0
4.0
4.0
5.0
5.0
6.0
3.0
6.0
6.0
7.0
7.0
8.0
8.0
2.0
8.0
9.0
9.0
4.0
