30.0
30.0
41.0
1.0
3.0
0.0
0.0
135.0
1.0230068439139812
0.0
1.0234786603731931
0.0
1.0213395147804465
0.0
1.0210243064059623
0.0
1.0198417526292163
0.0
1.0198572827550731
0.0
1.0200936399557057
0.0
1.0192759288964004
0.0
1.0187016725421447
0.0
1.0190397297913623
0.0
1.018634014769697
0.0
1.0179403575749748
0.0
1.0170362242244078
0.0
1.0173424726102926
0.0
1.0172020267259214
0.0
1.01554539024697
0.0
1.01471653534755
0.0
1.0152287858147728
0.0
1.0135076467321393
0.0
1.0128082993148944
0.0
1.012528824221146
0.0
1.0119301232477695
0.0
1.0115908231155029
0.0
1.0113282237035566
0.0
1.0115294171395461
0.0
1.0085712694502842
0.0
1.0091850951254435
0.0
1.0101194898373123
0.0
1.0080488943341095
0.0
1.007385572138279
0.0
2.0
2.0
22.059176723633353
12.908421213009802
135.0
1.0148497060919133
0.0
1.015278439464166
0.0
1.0133033566836633
0.0
1.013021480538106
0.0
1.011929623920113
0.0
1.011941079378518
0.0
1.0121599484855823
0.0
1.0114144430339387
0.0
1.0108739367469832
0.0
1.0111862311999005
0.0
1.010818731191518
0.0
1.0101694355327357
0.0
1.009321137258316
0.0
1.0096247710359014
0.0
1.0094950847003565
0.0
1.0079582449676603
0.0
1.0071960426756612
0.0
1.0076515225549718
0.0
1.0060542965644572
0.0
1.00542353336905
0.0
1.0051608723108898
0.0
1.004604544184555
0.0
1.0042874521191487
0.0
1.0040413914824122
0.0
1.0042312147256562
0.0
1.0014629434692524
0.0
1.0020603977551656
0.0
1.0029254413891318
0.0
1.001001019233584
0.0
1.0003883905836892
0.0
3.0
1.0
2.4401649659267597
1.2204857257884474
135.0
1.005230444314844
0.0
1.0054885020283768
0.0
1.0042266163135116
0.0
1.0041144080091546
0.0
1.003411106503136
0.0
1.0033925247932483
0.0
1.00355848175645
0.0
1.0031136955073308
0.0
1.0027413973378996
0.0
1.0029802455884946
0.0
1.0027972783333
0.0
1.002331337192517
0.0
1.001756536445991
0.0
1.0020131377903247
0.0
1.0019547576912784
0.0
1.0009373750164274
0.0
1.0004581802941939
0.0
1.000731803638528
0.0
0.9996561872735324
0.0
0.9993085805686327
0.0
0.9991519572557168
0.0
0.9987765721401843
0.0
0.9985533739581937
0.0
0.9984116829623473
0.0
0.9985596980373606
0.0
0.9966207211635947
0.0
0.9971329496315663
0.0
0.9977092341533261
0.0
0.9964209428132713
0.0
0.9960728263645956
0.0
4.0
1.0
7.732379040912973
1.6272296908053234
135.0
1.0018992662493946
0.0
1.0021146865080237
0.0
1.0010364971531152
0.0
1.0009658552407632
0.0
1.0003644269596332
0.0
1.000338637083834
0.0
1.0004903984744276
0.0
1.0001232600685137
0.0
0.9997939673645443
0.0
1.0000129133686397
0.0
0.9998757393722622
0.0
0.9994584897551863
0.0
0.9989534488553183
0.0
0.9991993702755334
0.0
0.9991594753622789
0.0
0.9982762870264851
0.0
0.9978704677399298
0.0
0.9980943862932503
0.0
0.9971549712301339
0.0
0.9968804424609254
0.0
0.996750216355964
0.0
0.9964233662362401
0.0
0.9962230499753154
0.0
0.996106318536066
0.0
0.9962443797266317
0.0
0.9945194829253511
0.0
0.9950099790586581
0.0
0.995511580827153
0.0
0.9943891072917893
0.0
0.9941065501556718
0.0
5.0
1.0
0.0
0.0
135.0
1.0008073411577219
0.0
1.0011345968011671
0.0
0.9995807398110674
0.0
0.9994020391054959
0.0
0.9985437716770486
0.0
0.9985117855687526
0.0
0.998713198429337
0.0
0.9981349114962724
0.0
0.9976905072643374
0.0
0.9979686558189367
0.0
0.9976960383295158
0.0
0.9971520719804831
0.0
0.9964711103480404
0.0
0.9967332791258835
0.0
0.996652084725828
0.0
0.9954131031126815
0.0
0.9948239302458549
0.0
0.9951504910189167
0.0
0.9938765867850128
0.0
0.9934189166625649
0.0
0.9932095575062521
0.0
0.9927502054908706
0.0
0.9924994854100875
0.0
0.9923074794536344
0.0
0.9924692267734603
0.0
0.9901773471399364
0.0
0.9907473855368959
0.0
0.9914269357229816
0.0
0.9898931119478515
0.0
0.9894104614499057
0.0
6.0
1.0
0.0
0.0
135.0
0.9955562865613417
0.0
0.9957605230200749
0.0
0.9947312348208542
0.0
0.9946711814743932
0.0
0.994097214501065
0.0
0.9940625053586474
0.0
0.9942076280263692
0.0
0.9938623672954207
0.0
0.9935419570219197
0.0
0.9937567556774113
0.0
0.9936283712588052
0.0
0.9932239902390133
0.0
0.9927396839012848
0.0
0.9929744087624958
0.0
0.992943874102773
0.0
0.9920948040934973
0.0
0.9917119352173953
0.0
0.9919122236569647
0.0
0.9910155285003865
0.0
0.9907665237968601
0.0
0.9906374911332083
0.0
0.9903215586054268
0.0
0.990132137267989
0.0
0.990018768766419
0.0
0.9901534193963074
0.0
0.9884860962924589
0.0
0.98897595135369
0.0
0.989451013167101
0.0
0.9883724110474407
0.0
0.9880719454514079
0.0
7.0
1.0
23.144320477800868
11.089462854738766
135.0
0.9880874514841289
0.0
0.988342814155778
0.0
0.9870855910593478
0.0
0.9869821376235387
0.0
0.9862877288913783
0.0
0.986226690024279
0.0
0.9864131270736123
0.0
0.985953227541294
0.0
0.9855776451461837
0.0
0.985829791250187
0.0
0.9856267288285824
0.0
0.9851555355295363
0.0
0.9845938829444526
0.0
0.9848260242761111
0.0
0.9847789886936966
0.0
0.9837525801166652
0.0
0.9832839682753612
0.0
0.9835170477265315
0.0
0.9824724541390356
0.0
0.9821382931468806
0.0
0.981965904672431
0.0
0.9815735742902806
0.0
0.981370815004846
0.0
0.9812178227572463
0.0
0.9813598759792985
0.0
0.9794034182915946
0.0
0.9799551958041895
0.0
0.9805016058683529
0.0
0.9792432219100289
0.0
0.9788528503941702
0.0
8.0
1.0
30.497640122290132
30.53146191938591
135.0
0.9840749119060146
0.0
0.9842831490743192
0.0
0.9832282070675747
0.0
0.9831770221439201
0.0
0.9825912630056546
0.0
0.9825509853007129
0.0
0.9826957764756148
0.0
0.9823502803986542
0.0
0.9820222585721554
0.0
0.9822411514771499
0.0
0.9821210043423392
0.0
0.9817009874785871
0.0
0.9812049679555925
0.0
0.9814490874450879
0.0
0.9814226547514705
0.0
0.9805564964743193
0.0
0.9801724031252496
0.0
0.980368198579199
0.0
0.9794533360084586
0.0
0.979215172518376
0.0
0.9790840733559713
0.0
0.9787588783143844
0.0
0.9785657955849909
0.0
0.9784519087436877
0.0
0.9785940519702528
0.0
0.9768878633201166
0.0
0.9774014949033002
0.0
0.9778804649451084
0.0
0.9767841711154241
0.0
0.9764772121076256
0.0
9.0
1.0
0.0
0.0
135.0
0.9927714866056683
0.0
0.9928177772614493
0.0
0.9924785047985796
0.0
0.9925448728973431
0.0
0.992340098420554
0.0
0.9923062604899586
0.0
0.9923844986523213
0.0
0.9923232956491654
0.0
0.992168082973911
0.0
0.9923074908650441
0.0
0.9923248219153105
0.0
0.9921355121688987
0.0
0.9919073134029485
0.0
0.9920810178063465
0.0
0.9920994627014065
0.0
0.9917733149783777
0.0
0.9916411484231294
0.0
0.9916783332402243
0.0
0.9912844487832327
0.0
0.9912644451156437
0.0
0.9912305887119843
0.0
0.9911116510644618
0.0
0.9910066979305441
0.0
0.9909856538994202
0.0
0.9910582554416617
0.0
0.9902430234795115
0.0
0.9905816549019595
0.0
0.9908008054165948
0.0
0.9902942901783323
0.0
0.9901773872055272
0.0
10.0
1.0
5.8928808432662665
2.033640195369656
135.0
0.99131278186697
0.0
0.9912763390069179
0.0
0.9912985033583299
0.0
0.9914310922141166
0.0
0.9914197042831352
0.0
0.9913863227015897
0.0
0.9914295261230499
0.0
0.9915171152630241
0.0
0.9914484346630394
0.0
0.9915483521537972
0.0
0.9916420103544168
0.0
0.9915653569892933
0.0
0.9914713098085546
0.0
0.991613051115004
0.0
0.9916571519673292
0.0
0.9916049159180449
0.0
0.9916040696261009
0.0
0.9915558192123766
0.0
0.9914253117885174
0.0
0.991525261044527
0.0
0.9915412588722953
0.0
0.9915255090191942
0.0
0.9914648011347376
0.0
0.9914921175405069
0.0
0.9915322171796925
0.0
0.9911633186695054
0.0
0.9914227377120693
0.0
0.9915078394482014
0.0
0.9913009887692215
0.0
0.9912802376481609
0.0
11.0
1.0
0.0
0.0
135.0
0.9927714866056683
0.0
0.9928177772614493
0.0
0.9924785047985796
0.0
0.9925448728973431
0.0
0.992340098420554
0.0
0.9923062604899586
0.0
0.9923844986523213
0.0
0.9923232956491654
0.0
0.992168082973911
0.0
0.9923074908650441
0.0
0.9923248219153105
0.0
0.9921355121688987
0.0
0.9919073134029485
0.0
0.9920810178063465
0.0
0.9920994627014065
0.0
0.9917733149783777
0.0
0.9916411484231294
0.0
0.9916783332402243
0.0
0.9912844487832327
0.0
0.9912644451156437
0.0
0.9912305887119843
0.0
0.9911116510644618
0.0
0.9910066979305441
0.0
0.9909856538994202
0.0
0.9910582554416617
0.0
0.9902430234795115
0.0
0.9905816549019595
0.0
0.9908008054165948
0.0
0.9902942901783323
0.0
0.9901773872055272
0.0
12.0
1.0
11.374067274718564
7.616204993562684
135.0
1.0144840784956424
0.0
1.0143198692916675
0.0
1.0149136084644674
0.0
1.0152278530817016
0.0
1.0155551011294075
0.0
1.015513401266425
0.0
1.0155582595158676
0.0
1.015883177020576
0.0
1.0159902460263972
0.0
1.0160305281646436
0.0
1.0163082131937757
0.0
1.0163615190017103
0.0
1.0164812980211597
0.0
1.0166687805743886
0.0
1.016761016035724
0.0
1.0171333664722522
0.0
1.017364968068289
0.0
1.0172325427094466
0.0
1.0174899390965795
0.0
1.017820382168329
0.0
1.0179730179372886
0.0
1.0181021285990555
0.0
1.0180951675182262
0.0
1.018235005105955
0.0
1.0182735609121296
0.0
1.0185416938003389
0.0
1.0187491405052422
0.0
1.0186433553829213
0.0
1.019015245157335
0.0
1.019557476260693
0.0
13.0
2.0
0.0
0.0
135.0
1.044433710808569
0.0
1.0440321314355172
0.0
1.045680952949629
0.0
1.046279002396868
0.0
1.0471995094545221
0.0
1.047144974122302
0.0
1.047146480381004
0.0
1.047922368101338
0.0
1.0482908836261013
0.0
1.048238817623491
0.0
1.0488035640127353
0.0
1.0491556208983521
0.0
1.0496610310093348
0.0
1.0498467070391557
0.0
1.050033468883491
0.0
1.0511808452436537
0.0
1.0518247586592442
0.0
1.0515025365098227
0.0
1.0524734334081678
0.0
1.0531856983563204
0.0
1.0535316877670453
0.0
1.0539687099397888
0.0
1.054061271798357
0.0
1.0543851729820874
0.0
1.0543889836684839
0.0
1.0558320267770087
0.0
1.0559162212383106
0.0
1.055456509722263
0.0
1.0567514893509777
0.0
1.0578299257635357
0.0
14.0
1.0
6.293935835681497
1.62467601922063
135.0
1.0053169635510089
0.0
1.00515173332872
0.0
1.0057062374270915
0.0
1.006014815729163
0.0
1.006309040311281
0.0
1.0062654630213625
0.0
1.0063114766127466
0.0
1.0066120817744595
0.0
1.0067046253380803
0.0
1.0067452432392114
0.0
1.0069956305455678
0.0
1.0070378375929752
0.0
1.0071681596573794
0.0
1.0073212254473805
0.0
1.0073988245817422
0.0
1.0077597654136514
0.0
1.0079550214781194
0.0
1.007815752961379
0.0
1.0080751886284185
0.0
1.0083853128047322
0.0
1.0085292389759748
0.0
1.0086201079281856
0.0
1.0086212657468234
0.0
1.0087414804698591
0.0
1.0087711341581445
0.0
1.0090180439629453
0.0
1.0092192587848026
0.0
1.009112887358514
0.0
1.0094632197882982
0.0
1.0099841676658703
0.0
15.0
1.0
8.31839397408964
2.5412792515616633
135.0
1.0102560389863628
0.0
1.010115904412949
0.0
1.010605208052041
0.0
1.0108879956891799
0.0
1.011144339964353
0.0
1.0111138798975694
0.0
1.0111475980278903
0.0
1.0114260498501562
0.0
1.0114858974496928
0.0
1.0115329394074153
0.0
1.0117700025829315
0.0
1.0117943080513847
0.0
1.011889904630432
0.0
1.0120425035991683
0.0
1.0121227821531866
0.0
1.0124346617939513
0.0
1.012595503614201
0.0
1.0124824043193468
0.0
1.0126845896554002
0.0
1.0129679057979541
0.0
1.013088347632478
0.0
1.0131734460837376
0.0
1.0131709868743117
0.0
1.0132760562088032
0.0
1.0133098244897718
0.0
1.0134847427247797
0.0
1.013680602039508
0.0
1.0135943042246789
0.0
1.0138803769806766
0.0
1.0143487873203827
0.0
16.0
1.0
3.557803474125939
1.8270933951356974
135.0
0.9972361898112801
0.0
0.9971239182413162
0.0
0.9974774885016877
0.0
0.9977069171371978
0.0
0.9978909408685204
0.0
0.9978504860378603
0.0
0.9978886313051091
0.0
0.9981203552515907
0.0
0.9981402860324896
0.0
0.9982039985302263
0.0
0.9983983293566393
0.0
0.998390905925574
0.0
0.9984272989851554
0.0
0.9985892537024416
0.0
0.9986668304832315
0.0
0.998854893593644
0.0
0.9989852670070921
0.0
0.9988754128038867
0.0
0.9989643849806179
0.0
0.9992020131356687
0.0
0.9992871497650064
0.0
0.9993598732381078
0.0
0.999329672794871
0.0
0.9994198475456113
0.0
0.9994453131190566
0.0
0.9994483856532765
0.0
0.9996761195589012
0.0
0.9996498120688214
0.0
0.9997709886843731
0.0
1.00006639824028
0.0
17.0
1.0
9.160465899290458
5.909694617868753
135.0
0.987615057794839
0.0
0.9875521652060126
0.0
0.987680999842054
0.0
0.9878313575899065
0.0
0.9878782742990675
0.0
0.9878461654146997
0.0
0.987876645497395
0.0
0.988015203455687
0.0
0.9879598283348612
0.0
0.9880475321651317
0.0
0.9881694967944049
0.0
0.9881113141986656
0.0
0.9880628498550003
0.0
0.988204809251517
0.0
0.9882585387888312
0.0
0.9882821289517025
0.0
0.9883163182469493
0.0
0.9882377622814473
0.0
0.9881708517886206
0.0
0.9883147103032487
0.0
0.9883449998700343
0.0
0.9883576976063588
0.0
0.9883081184397451
0.0
0.9883455821362797
0.0
0.9883752791429757
0.0
0.9881248464617329
0.0
0.9883732182786198
0.0
0.9884184846324643
0.0
0.9883066657372247
0.0
0.9883692073684978
0.0
18.0
1.0
3.252751563884303
0.9156654730190789
135.0
0.9902183262466865
0.0
0.9901107735029822
0.0
0.9904588160949508
0.0
0.990692461000457
0.0
0.9908528528406751
0.0
0.9908155570909559
0.0
0.9908519232849968
0.0
0.9910533121894742
0.0
0.9910779676092215
0.0
0.9911369256124165
0.0
0.9913143935565594
0.0
0.9913216781294213
0.0
0.9913369355726837
0.0
0.9914798774696008
0.0
0.9915446346595437
0.0
0.9917362013767148
0.0
0.9918272434112253
0.0
0.9917267490257907
0.0
0.9918447963996975
0.0
0.9920635022136524
0.0
0.9921314570159339
0.0
0.9921783082206564
0.0
0.9921730659573682
0.0
0.9922275914340577
0.0
0.9922658985524614
0.0
0.9922613404905787
0.0
0.9924698295476204
0.0
0.9924269806347742
0.0
0.9925576437335419
0.0
0.9928604425400144
0.0
19.0
1.0
9.656112041366857
3.449637125767047
135.0
0.9820810876563859
0.0
0.9819937748828013
0.0
0.9822544386378124
0.0
0.9824591191206435
0.0
0.9825555382420001
0.0
0.9825213812394865
0.0
0.9825623961978239
0.0
0.9827192265793441
0.0
0.9827186054080568
0.0
0.9827897270896371
0.0
0.9829343017017588
0.0
0.9829300604555584
0.0
0.9829003491391266
0.0
0.9830363383813943
0.0
0.9830963938418348
0.0
0.9832142610746497
0.0
0.9832666128287885
0.0
0.9831763727693124
0.0
0.9832377416414975
0.0
0.9834245135267469
0.0
0.9834648573776547
0.0
0.9834855081361433
0.0
0.9834754657155861
0.0
0.9835068385839932
0.0
0.9835472553611714
0.0
0.9834336989476598
0.0
0.9836548924709136
0.0
0.9836401699965087
0.0
0.9836759198593931
0.0
0.9838857084672119
0.0
20.0
1.0
2.234364145046257
0.710858574593017
135.0
0.9834572705174517
0.0
0.9833829973485841
0.0
0.9835854726862246
0.0
0.9837719418947876
0.0
0.9838429783173743
0.0
0.9838075110438446
0.0
0.9838481269341162
0.0
0.9839890410539746
0.0
0.9839706497649418
0.0
0.9840483154149147
0.0
0.9841799326978937
0.0
0.9841591255965098
0.0
0.9841120632504587
0.0
0.9842485035460006
0.0
0.9843054191613257
0.0
0.9843812688708096
0.0
0.9844215000971593
0.0
0.9843387977066811
0.0
0.9843562094418626
0.0
0.9845218424611982
0.0
0.9845555217344713
0.0
0.9845651408023688
0.0
0.9845438473101984
0.0
0.9845739943202532
0.0
0.984613322005365
0.0
0.9844372352418378
0.0
0.9846685141233363
0.0
0.9846762133273166
0.0
0.984652132578397
0.0
0.9848066531062377
0.0
21.0
1.0
17.819377080361274
11.385467610964975
135.0
0.9945341584098245
0.0
0.9944394531650949
0.0
0.9947102603130251
0.0
0.9948943749020879
0.0
0.9950205330655912
0.0
0.9949870875885356
0.0
0.9949992059240079
0.0
0.9952000764307125
0.0
0.9951953200595863
0.0
0.9952668920487293
0.0
0.9954209793075439
0.0
0.9954210548912301
0.0
0.9954198505752411
0.0
0.9955373749727592
0.0
0.995610977325114
0.0
0.9957405923448202
0.0
0.9958491307459135
0.0
0.9957362015841928
0.0
0.9957939398736524
0.0
0.9959875004315604
0.0
0.9960387225576207
0.0
0.9961000797416634
0.0
0.9960688211563813
0.0
0.9961382593380531
0.0
0.9961595432274074
0.0
0.9960968747555417
0.0
0.9963120199437743
0.0
0.9963023742210797
0.0
0.9962956778324223
0.0
0.9962706661853006
0.0
22.0
2.0
0.0
0.0
135.0
0.9996690536637819
0.0
0.9995588500236298
0.0
0.9999007229682804
0.0
1.0001051831715555
0.0
1.0002728446048181
0.0
1.0002400971610372
0.0
1.000252384956986
0.0
1.000480597777919
0.0
1.0004962044249865
0.0
1.0005590498452925
0.0
1.0007326272888293
0.0
1.0007539601486484
0.0
1.00078206079384
0.0
1.0009014658328053
0.0
1.0009793141586947
0.0
1.0011677927186435
0.0
1.001303271493384
0.0
1.0011817493707995
0.0
1.0012926942854652
0.0
1.0015130609797853
0.0
1.0015799503954697
0.0
1.0016628504165963
0.0
1.001639474477198
0.0
1.0017218047039018
0.0
1.0017425327971812
0.0
1.0017728380853421
0.0
1.0019757905179374
0.0
1.0019388020205084
0.0
1.0019914806995982
0.0
1.0019679207067549
0.0
23.0
2.0
3.2574746208267364
1.625931048732598
135.0
1.0383995991658268
0.0
1.0382909582166464
0.0
1.0386897355899385
0.0
1.038927161980445
0.0
1.0391294582917332
0.0
1.0391180449812205
0.0
1.039159245802228
0.0
1.0393795550922025
0.0
1.0394218632941048
0.0
1.039475657490222
0.0
1.0396588329288174
0.0
1.039688279769657
0.0
1.0397678799613326
0.0
1.0398923722941618
0.0
1.0399557569257056
0.0
1.040221211580045
0.0
1.0403317340633362
0.0
1.0402558166876124
0.0
1.0404193521428253
0.0
1.0406333386820312
0.0
1.0407434789224908
0.0
1.0408158848209232
0.0
1.0408090840582191
0.0
1.0408989362633745
0.0
1.0409204386587283
0.0
1.0410600097158411
0.0
1.0412142752984375
0.0
1.041159576765544
0.0
1.041393896227383
0.0
1.0418315712945907
0.0
24.0
1.0
8.848150387199908
6.818977260692599
135.0
1.0131826130353785
0.0
1.013084765620679
0.0
1.013393851724154
0.0
1.0135767537781826
0.0
1.0137202881534506
0.0
1.0137100775571604
0.0
1.013718503605698
0.0
1.0138959896460906
0.0
1.0139188952051155
0.0
1.0139542563010269
0.0
1.014095511694595
0.0
1.0141264727731114
0.0
1.0141609360109085
0.0
1.014252569113248
0.0
1.0143160735280958
0.0
1.0144920710011385
0.0
1.0145886885189104
0.0
1.0145097284887254
0.0
1.0146177362134756
0.0
1.0147948466582366
0.0
1.0148526876081985
0.0
1.0149085189200382
0.0
1.0148949042772084
0.0
1.014949644707049
0.0
1.0149845556012478
0.0
1.0150222914330642
0.0
1.0151738377332484
0.0
1.0151438353243167
0.0
1.015237229477344
0.0
1.0153890544779247
0.0
25.0
1.0
0.0
0.0
135.0
1.0425255751841802
0.0
1.042499534749269
0.0
1.0425955375273968
0.0
1.042653693507574
0.0
1.042687586869132
0.0
1.0426913416621812
0.0
1.0426926992943306
0.0
1.0427466787079656
0.0
1.0427411357770282
0.0
1.0427688895342528
0.0
1.0428158796255267
0.0
1.042822555225416
0.0
1.042817952591066
0.0
1.0428491673106628
0.0
1.0428844289520838
0.0
1.0429134255648442
0.0
1.0429158628327275
0.0
1.0429296487006772
0.0
1.042925677098469
0.0
1.0429680885169081
0.0
1.0429875014514305
0.0
1.0430019870428642
0.0
1.0429885028473118
0.0
1.0429975918648808
0.0
1.0430322504750813
0.0
1.0429765976217462
0.0
1.0430318967313688
0.0
1.0430791225307086
0.0
1.0430511113829701
0.0
1.043094154194907
0.0
26.0
1.0
3.5621213055817083
2.338178986918438
135.0
1.0254326632000301
0.0
1.0254066360337928
0.0
1.0255264044132546
0.0
1.0255750684857485
0.0
1.0256278987191407
0.0
1.025607202437173
0.0
1.0255713230887045
0.0
1.0256329819009524
0.0
1.02564630103801
0.0
1.025641524235392
0.0
1.025717534542605
0.0
1.025697380716608
0.0
1.0257066312122878
0.0
1.0257070035255227
0.0
1.0257605769137468
0.0
1.0257559449059293
0.0
1.025765499949327
0.0
1.025795073169323
0.0
1.0257689439298563
0.0
1.025828917910229
0.0
1.0258290188187544
0.0
1.0258203296269701
0.0
1.0258161421167153
0.0
1.0258123259719836
0.0
1.0258798092662083
0.0
1.0258101818343803
0.0
1.0258448976379817
0.0
1.0259068965786402
0.0
1.0258765469985873
0.0
1.025892227559199
0.0
27.0
2.0
0.0
0.0
135.0
1.0685153502921758
0.0
1.0685361749449898
0.0
1.0684797820916314
0.0
1.068460662059328
0.0
1.0684129750622637
0.0
1.0684381536639038
0.0
1.0684548409246535
0.0
1.0684236095528776
0.0
1.068389005249928
0.0
1.0684298868561133
0.0
1.0683992225153711
0.0
1.0684047604087565
0.0
1.0683659966520855
0.0
1.0683748110264009
0.0
1.0683819602169067
0.0
1.0683322542273272
0.0
1.0682688384717796
0.0
1.068335025794798
0.0
1.0682690041571932
0.0
1.0682136713344503
0.0
1.0682180790344606
0.0
1.0682172438217186
0.0
1.0681990465456572
0.0
1.0681853924453422
0.0
1.0682022455473141
0.0
1.0680920628898958
0.0
1.0680956136488604
0.0
1.068185769356793
0.0
1.068078474122834
0.0
1.0680650695409295
0.0
28.0
1.0
0.0
0.0
135.0
1.0033449504708971
0.0
1.0035144455490708
0.0
1.0026446032266239
0.0
1.0026095910486468
0.0
1.0021231792455756
0.0
1.002088038530806
0.0
1.0022121104444577
0.0
1.0019311633848718
0.0
1.001651041285548
0.0
1.0018418673238518
0.0
1.0017486062625662
0.0
1.0013928620417845
0.0
1.0009732119635628
0.0
1.0011874850640983
0.0
1.001171661070498
0.0
1.0004409167422896
0.0
1.0001181297682271
0.0
1.0002851706523697
0.0
0.9995097820423636
0.0
0.9993151197655643
0.0
0.9992071560306454
0.0
0.9989346237126314
0.0
0.9987683941838931
0.0
0.9986742437144209
0.0
0.998800287492121
0.0
0.9973407969489654
0.0
0.9977884671973427
0.0
0.9982008263808545
0.0
0.9972663495530292
0.0
0.9970115763013147
0.0
29.0
1.0
2.443110601885175
0.9137837192917303
135.0
1.0499574355683032
0.0
1.0499638460642968
0.0
1.0499363366559382
0.0
1.049926841081386
0.0
1.0499074808433788
0.0
1.0499102840238284
0.0
1.0499147438478023
0.0
1.0498963737725304
0.0
1.0498876901323297
0.0
1.0498927316684377
0.0
1.0498783510198442
0.0
1.0498712996508055
0.0
1.049854964718318
0.0
1.0498558783512322
0.0
1.0498489762603627
0.0
1.0498167784284411
0.0
1.0497930836527654
0.0
1.0498103915192731
0.0
1.0497740096907917
0.0
1.0497444998550938
0.0
1.0497371248927583
0.0
1.0497248229795064
0.0
1.0497173939980544
0.0
1.0497079416643469
0.0
1.0497071661521495
0.0
1.0496436662729502
0.0
1.049640917977031
0.0
1.049670909261952
0.0
1.0496128122363535
0.0
1.049592625243183
0.0
30.0
1.0
10.795549807227939
1.9323589215131962
135.0
1.0390996509468575
0.0
1.0391013143268784
0.0
1.0390737239720134
0.0
1.0390828970725068
0.0
1.0390808069298672
0.0
1.039063595830886
0.0
1.0390678642685447
0.0
1.03905820926304
0.0
1.0390748743929428
0.0
1.0390671394829314
0.0
1.0390593141792235
0.0
1.0390366252767917
0.0
1.0390434948296172
0.0
1.039033193824666
0.0
1.0390234136338894
0.0
1.03900542149513
0.0
1.0390059433672143
0.0
1.0389853075036777
0.0
1.0389726978122868
0.0
1.0389703288281913
0.0
1.038946997514586
0.0
1.0389190423429753
0.0
1.0389317805825207
0.0
1.0389285707522657
0.0
1.0389090393266713
0.0
1.0388751833793617
0.0
1.0388732084914603
0.0
1.0388589825050494
0.0
1.038843356358697
0.0
1.0388097369153493
0.0
1.0
2.0
1.0
3.0
2.0
4.0
3.0
4.0
2.0
5.0
2.0
6.0
4.0
6.0
5.0
7.0
6.0
7.0
6.0
8.0
6.0
9.0
6.0
10.0
9.0
11.0
9.0
10.0
4.0
12.0
12.0
13.0
12.0
14.0
12.0
15.0
12.0
16.0
14.0
15.0
16.0
17.0
15.0
18.0
18.0
19.0
19.0
20.0
10.0
20.0
10.0
17.0
10.0
21.0
10.0
22.0
21.0
22.0
15.0
23.0
22.0
24.0
23.0
24.0
24.0
25.0
25.0
26.0
25.0
27.0
28.0
27.0
27.0
29.0
27.0
30.0
29.0
30.0
8.0
28.0
6.0
28.0
