30.0
30.0
41.0
1.0
3.0
0.0
0.0
135.0
0.9827151225330991
0.0
0.9839285353202338
0.0
0.9787525474676448
0.0
0.977356093895501
0.0
0.9743786938841782
0.0
0.9746835096733247
0.0
0.975224328348232
0.0
0.9727506142914538
0.0
0.9717169835969789
0.0
0.9722643881621906
0.0
0.9704577500790522
0.0
0.9693565000743948
0.0
0.968083430566078
0.0
0.9680938341232848
0.0
0.9678380731264893
0.0
0.9694259739841097
0.0
0.969453470675797
0.0
0.9695270515271285
0.0
0.9695995339858748
0.0
0.9695934423401884
0.0
0.9696540225210141
0.0
0.9697303069394191
0.0
0.9697190255344202
0.0
0.9697663013984209
0.0
0.9697782320036687
0.0
0.9699906486745257
0.0
0.9699094468648488
0.0
0.969906931921444
0.0
0.9700052609213542
0.0
0.9700644309352918
0.0
2.0
2.0
22.059176723633353
12.908421213009802
135.0
0.9783942424813538
0.0
0.9796075105297329
0.0
0.974431998645807
0.0
0.9730393787589073
0.0
0.9700664430660874
0.0
0.9703708258918727
0.0
0.9709170520073139
0.0
0.9684451662698977
0.0
0.967412347411589
0.0
0.9679622205775302
0.0
0.9661607173094849
0.0
0.9650586518586681
0.0
0.9637698304665513
0.0
0.9637895629243464
0.0
0.9635225951954471
0.0
0.9646277591005052
0.0
0.9646494183014428
0.0
0.9647326402002554
0.0
0.9647855213569527
0.0
0.9647746647868715
0.0
0.964836078963685
0.0
0.9649104325050041
0.0
0.9648931023968536
0.0
0.964940694872993
0.0
0.9649573814070534
0.0
0.9651444176302838
0.0
0.9650697858364965
0.0
0.9650807838678236
0.0
0.9651568065753462
0.0
0.9652113639007938
0.0
3.0
1.0
2.4401649659267597
1.2204857257884474
135.0
0.978697212693241
0.0
0.9797608493605966
0.0
0.9751763284767236
0.0
0.973941952143735
0.0
0.9712969295663948
0.0
0.9715522012426496
0.0
0.9720097338167503
0.0
0.9698362996831149
0.0
0.9689003379086519
0.0
0.9693909819865524
0.0
0.9678004594537089
0.0
0.9668130868765809
0.0
0.965886461430108
0.0
0.9658820699331407
0.0
0.9658490318191392
0.0
0.9664607625899242
0.0
0.9664682725829653
0.0
0.9664910779521712
0.0
0.9665355245465568
0.0
0.9665220312571712
0.0
0.9665411134485581
0.0
0.9665675598010881
0.0
0.9665721272644806
0.0
0.9665842938873751
0.0
0.9665758746204518
0.0
0.966686761268872
0.0
0.966632077288964
0.0
0.9666215908776072
0.0
0.9666706930205738
0.0
0.9666989702614163
0.0
4.0
1.0
7.732379040912973
1.6272296908053234
135.0
0.9782926229137238
0.0
0.9793253586775875
0.0
0.9748718838600487
0.0
0.9736728213849799
0.0
0.9711032014716474
0.0
0.9713475125825285
0.0
0.971787611852454
0.0
0.9696802544273472
0.0
0.9687668307459063
0.0
0.9692458941846215
0.0
0.9677026611350977
0.0
0.9667414666414496
0.0
0.9658893054109211
0.0
0.9658819719250813
0.0
0.9658969133297736
0.0
0.9662969568897779
0.0
0.9663003376365558
0.0
0.96631280501262
0.0
0.9663517104040145
0.0
0.9663362937077477
0.0
0.9663474068631026
0.0
0.9663650256219257
0.0
0.9663712016595585
0.0
0.9663756805891167
0.0
0.9663645065460801
0.0
0.9664532199284643
0.0
0.9664045469865352
0.0
0.9663930534743602
0.0
0.9664330681805927
0.0
0.9664542911157024
0.0
5.0
1.0
0.0
0.0
135.0
0.9706860391438482
0.0
0.9718119630571943
0.0
0.9669772522959951
0.0
0.9656814559869692
0.0
0.9629018339307945
0.0
0.9631500012092055
0.0
0.9636600796301246
0.0
0.9613507974001444
0.0
0.9603696449731675
0.0
0.9608974374236005
0.0
0.9592063690271097
0.0
0.958163429596385
0.0
0.9570692980568928
0.0
0.9570634352621018
0.0
0.9569243924240574
0.0
0.9574561928542665
0.0
0.9574667552380093
0.0
0.9575005505918016
0.0
0.9575405040258048
0.0
0.9575263487805842
0.0
0.9575509315615262
0.0
0.9575811206994737
0.0
0.9575822669650884
0.0
0.9576005254158815
0.0
0.957602455065332
0.0
0.9576925582874806
0.0
0.9576624787049196
0.0
0.9576588331086824
0.0
0.9577106463449562
0.0
0.9577279407031173
0.0
6.0
1.0
0.0
0.0
135.0
0.9727385161769558
0.0
0.9737524081367147
0.0
0.9693748010564402
0.0
0.968196994587277
0.0
0.9656686994841953
0.0
0.9658999108364122
0.0
0.9663279216476517
0.0
0.964259207899316
0.0
0.9633566405729282
0.0
0.9638317284258551
0.0
0.9623111629370437
0.0
0.9613619804250303
0.0
0.9604984099304296
0.0
0.9604833043050667
0.0
0.9604846237426188
0.0
0.9606061325397532
0.0
0.9606141025349404
0.0
0.9606120351718567
0.0
0.960647826034465
0.0
0.9606420382941473
0.0
0.9606452526262738
0.0
0.9606587822536105
0.0
0.9606669532921804
0.0
0.9606689500418802
0.0
0.9606581834796629
0.0
0.9607228008399565
0.0
0.9606929457356757
0.0
0.9606787170614893
0.0
0.9607162776426136
0.0
0.960728180089785
0.0
7.0
1.0
23.144320477800868
11.089462854738766
135.0
0.9620400131094388
0.0
0.963113794786733
0.0
0.9584799470947367
0.0
0.9572414556873255
0.0
0.9545733319164655
0.0
0.954787000828907
0.0
0.9552715748511627
0.0
0.9530562596392878
0.0
0.9521064195546959
0.0
0.9526195794572477
0.0
0.9509908084354463
0.0
0.9499828922861056
0.0
0.9490211399782635
0.0
0.9489918150584172
0.0
0.94894154900175
0.0
0.9492419093523368
0.0
0.9492499997916569
0.0
0.9492423354009062
0.0
0.9492914936648003
0.0
0.9492808202114129
0.0
0.9492814348354371
0.0
0.9492844686570074
0.0
0.9493037728506283
0.0
0.9493042438670307
0.0
0.9492927203331456
0.0
0.9493438210991116
0.0
0.9493375228760078
0.0
0.9493121595716624
0.0
0.9493680001018738
0.0
0.9493669777534884
0.0
8.0
1.0
30.497640122290132
30.53146191938591
135.0
0.9612174948675842
0.0
0.9622383168282255
0.0
0.9578219493235293
0.0
0.9566496568158983
0.0
0.9541016246099223
0.0
0.9543277231234212
0.0
0.9547562725336511
0.0
0.952681095136979
0.0
0.951767850911568
0.0
0.9522484728335485
0.0
0.9507317339329281
0.0
0.9497633025497624
0.0
0.9488852263955666
0.0
0.9488795099174566
0.0
0.9488855526159162
0.0
0.949005067066888
0.0
0.9490107950566726
0.0
0.9490044544552106
0.0
0.9490200576121868
0.0
0.9490242692198338
0.0
0.949024718498953
0.0
0.9490279673376977
0.0
0.949032289540097
0.0
0.9490332287829466
0.0
0.9490299925299741
0.0
0.9490524630509062
0.0
0.949046634307079
0.0
0.9490370872932611
0.0
0.9490547913370501
0.0
0.9490592563673833
0.0
9.0
1.0
0.0
0.0
135.0
0.9815028662605004
0.0
0.9824185751531935
0.0
0.9784371195242703
0.0
0.9773188818409878
0.0
0.974998282325711
0.0
0.9752229039703855
0.0
0.9755619883006318
0.0
0.973693381369623
0.0
0.9728507299704888
0.0
0.9732853919961875
0.0
0.9718757012727186
0.0
0.9710300827148421
0.0
0.9703463089366302
0.0
0.9702895927834926
0.0
0.9703928144186664
0.0
0.9675577370374354
0.0
0.9675069431083438
0.0
0.9674811499788438
0.0
0.9674322628901041
0.0
0.9673563321329547
0.0
0.9673020676766384
0.0
0.9672788979565473
0.0
0.9672817693370352
0.0
0.9672395443330423
0.0
0.9671939340340381
0.0
0.9671215076818119
0.0
0.9670687698365701
0.0
0.967100439600561
0.0
0.9670041635557604
0.0
0.9669737455209905
0.0
10.0
1.0
5.8928808432662665
2.033640195369656
135.0
0.9860937163005937
0.0
0.9869579958803764
0.0
0.98318404821354
0.0
0.9820970132327582
0.0
0.979885206671249
0.0
0.980106376564347
0.0
0.9803988803569292
0.0
0.9786350912826404
0.0
0.977823824416827
0.0
0.9782373110092195
0.0
0.9768856975437031
0.0
0.976094326770214
0.0
0.9755047322212831
0.0
0.9754262200748611
0.0
0.9755828190349652
0.0
0.9711990536790039
0.0
0.9711174786467598
0.0
0.971079257734846
0.0
0.9709860155287386
0.0
0.9708733431913428
0.0
0.9707889707982218
0.0
0.9707465776104287
0.0
0.970746672979541
0.0
0.9706812841997906
0.0
0.9706174224196088
0.0
0.9704732112642748
0.0
0.9704084872208207
0.0
0.970464199024791
0.0
0.9702978180691326
0.0
0.9702452321193455
0.0
11.0
1.0
0.0
0.0
135.0
0.9815028662605004
0.0
0.9824185751531935
0.0
0.9784371195242703
0.0
0.9773188818409878
0.0
0.974998282325711
0.0
0.9752229039703855
0.0
0.9755619883006318
0.0
0.973693381369623
0.0
0.9728507299704888
0.0
0.9732853919961875
0.0
0.9718757012727186
0.0
0.9710300827148421
0.0
0.9703463089366302
0.0
0.9702895927834926
0.0
0.9703928144186664
0.0
0.9675577370374354
0.0
0.9675069431083438
0.0
0.9674811499788438
0.0
0.9674322628901041
0.0
0.9673563321329547
0.0
0.9673020676766384
0.0
0.9672788979565473
0.0
0.9672817693370352
0.0
0.9672395443330423
0.0
0.9671939340340381
0.0
0.9671215076818119
0.0
0.9670687698365701
0.0
0.967100439600561
0.0
0.9670041635557604
0.0
0.9669737455209905
0.0
12.0
1.0
11.374067274718564
7.616204993562684
135.0
1.0187674765499877
0.0
1.0194616821345874
0.0
1.01645814047322
0.0
1.015678010918185
0.0
1.0139801950360385
0.0
1.0141521653207353
0.0
1.0144348307559385
0.0
1.0130739028492186
0.0
1.012449032894745
0.0
1.0127864381266078
0.0
1.011816738496877
0.0
1.01117155313975
0.0
1.0113817967613339
0.0
1.0114244511264419
0.0
1.012126968424859
0.0
1.0106662210171522
0.0
1.0105798400784924
0.0
1.010579993231005
0.0
1.0105048286950808
0.0
1.01041181774068
0.0
1.0103698126553387
0.0
1.0102965534411288
0.0
1.0103041581359975
0.0
1.0102426766417092
0.0
1.0102061329413552
0.0
1.0101043100610536
0.0
1.0100339566072636
0.0
1.0100831108961312
0.0
1.0099433132703515
0.0
1.0099373263459595
0.0
13.0
2.0
0.0
0.0
135.0
1.070389086286508
0.0
1.0708379690235477
0.0
1.0689006568976376
0.0
1.0684908448761816
0.0
1.067461007141195
0.0
1.0675826846290721
0.0
1.0677985516576745
0.0
1.0670051022081977
0.0
1.0665867711727486
0.0
1.0668413983357206
0.0
1.0663352341314225
0.0
1.0659408746496457
0.0
1.067086640170984
0.0
1.0672167604943783
0.0
1.0685498307406807
0.0
1.0677089891377212
0.0
1.067625199314775
0.0
1.067636126621926
0.0
1.0675493519933872
0.0
1.067456612728502
0.0
1.06741993597265
0.0
1.0673530077499347
0.0
1.067355290119919
0.0
1.067299531468794
0.0
1.0672695103046872
0.0
1.0671584647049226
0.0
1.0670975858475176
0.0
1.0671568887370826
0.0
1.0670065360379644
0.0
1.0669982375507123
0.0
14.0
1.0
6.293935835681497
1.62467601922063
135.0
1.0068231701196664
0.0
1.007511070072296
0.0
1.0044870886554051
0.0
1.0037048770758712
0.0
1.0019826969440455
0.0
1.0021485762602442
0.0
1.0024273424834327
0.0
1.0010536792505838
0.0
1.0004203740784519
0.0
1.0007570106295451
0.0
0.9997666627619561
0.0
0.9991116097731868
0.0
0.9993221387613305
0.0
0.999335085418902
0.0
1.0000202206536202
0.0
0.9984678999067375
0.0
0.9983470400280955
0.0
0.9983381880020601
0.0
0.9982612686228404
0.0
0.9981490903555653
0.0
0.9980975938309369
0.0
0.9979858348256774
0.0
0.9980000614577684
0.0
0.9979192086050036
0.0
0.9978740637583908
0.0
0.9977401593981937
0.0
0.9976684797339787
0.0
0.9977195339607526
0.0
0.9975575695265804
0.0
0.997547247220267
0.0
15.0
1.0
8.31839397408964
2.5412792515616633
135.0
1.008553142766699
0.0
1.0092303426565628
0.0
1.0062831962056669
0.0
1.00551979250659
0.0
1.003843122590899
0.0
1.00401099990241
0.0
1.0042659514191936
0.0
1.0029451559906906
0.0
1.0023152584409154
0.0
1.002647090231261
0.0
1.001699486367129
0.0
1.0010566202432256
0.0
1.0012935712211821
0.0
1.001323548363283
0.0
1.0020512471789953
0.0
1.0006760032878834
0.0
1.0005438652336547
0.0
1.0005501358083242
0.0
1.000444672687677
0.0
1.000328948752982
0.0
1.0002632820326633
0.0
1.0001622362703464
0.0
1.0001744625873277
0.0
1.0000901877461603
0.0
1.0000491317912992
0.0
0.9998869273739561
0.0
0.9998144508852018
0.0
0.999871315481095
0.0
0.9996913784429676
0.0
0.9996788070794568
0.0
16.0
1.0
3.557803474125939
1.8270933951356974
135.0
0.9973859368068365
0.0
0.9981593206113953
0.0
0.9947913129807909
0.0
0.9938604867392702
0.0
0.991921500040362
0.0
0.9921145996464229
0.0
0.9923977027974054
0.0
0.9908540932834783
0.0
0.9901292673022796
0.0
0.9905007094017676
0.0
0.9893483979380617
0.0
0.9886276603385755
0.0
0.9884999943168024
0.0
0.9884829160827172
0.0
0.9889610072819838
0.0
0.9862544766337069
0.0
0.9861651905737489
0.0
0.9861365851539211
0.0
0.9860467753047124
0.0
0.9859462292854755
0.0
0.9858743673908371
0.0
0.9858180422896669
0.0
0.9858220954244
0.0
0.9857554287712298
0.0
0.9856918802455583
0.0
0.9855736932328553
0.0
0.9855011495762682
0.0
0.9855530253019115
0.0
0.9853941557258944
0.0
0.9853618642405007
0.0
17.0
1.0
9.160465899290458
5.909694617868753
135.0
0.9839255900642798
0.0
0.9847658365043956
0.0
0.9810910751166353
0.0
0.9800299533665859
0.0
0.9778819787708843
0.0
0.9781000770224553
0.0
0.9783801915950174
0.0
0.9766756550379393
0.0
0.975870793561432
0.0
0.9762730179730876
0.0
0.9749676245221465
0.0
0.9741892291346681
0.0
0.9737393258670197
0.0
0.9736715637197617
0.0
0.9739243566498893
0.0
0.9700398636638556
0.0
0.9699501179558147
0.0
0.9699032502044923
0.0
0.9698069637807801
0.0
0.9696976864443442
0.0
0.9696090077775757
0.0
0.9695636128064382
0.0
0.9695670174170071
0.0
0.9694913376579852
0.0
0.9694203558047022
0.0
0.9692889900959755
0.0
0.969218201813166
0.0
0.9692671149798799
0.0
0.9690982810551847
0.0
0.9690416129295505
0.0
18.0
1.0
3.252751563884303
0.9156654730190789
135.0
0.9872398599423153
0.0
0.9879983822660138
0.0
0.9847005840017488
0.0
0.9838010107632473
0.0
0.9818857763254835
0.0
0.98207149817135
0.0
0.9823433303722509
0.0
0.9808172239649512
0.0
0.9801159215713638
0.0
0.9804772332103038
0.0
0.9793477053079593
0.0
0.978654322841646
0.0
0.9785774002770669
0.0
0.9785591228693641
0.0
0.9790894564968698
0.0
0.976678695774352
0.0
0.9765409898062931
0.0
0.9765256898384486
0.0
0.9764430173508385
0.0
0.9763145772065349
0.0
0.9762197721936745
0.0
0.9761296644697024
0.0
0.976154724448804
0.0
0.9760478206635285
0.0
0.9759986073871115
0.0
0.9758330707247098
0.0
0.9757486166500849
0.0
0.975795439600312
0.0
0.9756210566450008
0.0
0.9755946135712724
0.0
19.0
1.0
9.656112041366857
3.449637125767047
135.0
0.9783961772159834
0.0
0.9791983511902109
0.0
0.9757124892240899
0.0
0.974739917599329
0.0
0.9726900328152305
0.0
0.9728920230863738
0.0
0.9731756003957543
0.0
0.9715403034197092
0.0
0.9707971821902726
0.0
0.9711789609672459
0.0
0.9699530130722267
0.0
0.9692329483078801
0.0
0.968977485165039
0.0
0.9689308068093736
0.0
0.9693489745790456
0.0
0.9663250011370337
0.0
0.9661883780974988
0.0
0.9661624624465118
0.0
0.9660888644269349
0.0
0.965961994414099
0.0
0.965854805894346
0.0
0.9657687126819803
0.0
0.9657982755849757
0.0
0.9656858310718489
0.0
0.9656319777531186
0.0
0.9654651433330265
0.0
0.9653802390318105
0.0
0.9654223239731371
0.0
0.9652506872773652
0.0
0.9652206739234942
0.0
20.0
1.0
2.234364145046257
0.710858574593017
135.0
0.9793939809360501
0.0
0.9802134107042488
0.0
0.9766509839427516
0.0
0.9756477543009221
0.0
0.973555470633003
0.0
0.9737610881612888
0.0
0.9740462488885527
0.0
0.9723773795461619
0.0
0.9716151811367525
0.0
0.972004762401813
0.0
0.9707449823094905
0.0
0.9700074144728442
0.0
0.9696666653660877
0.0
0.9696107418881658
0.0
0.9699650309371749
0.0
0.9666033784214465
0.0
0.9664807544202106
0.0
0.9664491916932686
0.0
0.9663734416779366
0.0
0.9662495052685484
0.0
0.9661468902550843
0.0
0.9660691482463446
0.0
0.9660927005074074
0.0
0.9659912856122345
0.0
0.965933736791093
0.0
0.965771904403518
0.0
0.9656922274167001
0.0
0.9657358223107297
0.0
0.965564679419044
0.0
0.965530642767074
0.0
21.0
1.0
17.819377080361274
11.385467610964975
135.0
0.9929766713805616
0.0
0.9938249403463126
0.0
0.9901035305243051
0.0
0.9890070620007425
0.0
0.9868111902019153
0.0
0.9870384196669091
0.0
0.9872918897998313
0.0
0.9855599936084161
0.0
0.9847565850513041
0.0
0.9851631398121995
0.0
0.9838086123233656
0.0
0.9830381273172664
0.0
0.9824160735720437
0.0
0.9823040132175795
0.0
0.9824419617249661
0.0
0.9769917837321683
0.0
0.9769096643443725
0.0
0.9768536066469934
0.0
0.9767371663933552
0.0
0.9766028974952784
0.0
0.9764951330771384
0.0
0.9764479543859298
0.0
0.9764464592433331
0.0
0.9763742866371338
0.0
0.9762930474475155
0.0
0.9760950356426285
0.0
0.9760275212715352
0.0
0.9760980032914698
0.0
0.9758971666339892
0.0
0.9758191214311088
0.0
22.0
2.0
0.0
0.0
135.0
0.9991635997192984
0.0
1.0000042132242546
0.0
0.9963155151822858
0.0
0.9952276640318505
0.0
0.9930488977324219
0.0
0.9932774220729116
0.0
0.993527644957231
0.0
0.9918085760900575
0.0
0.9910130915038518
0.0
0.991415550594838
0.0
0.9900692273196632
0.0
0.9893075245008502
0.0
0.9886811232054488
0.0
0.9885693602454391
0.0
0.9886969016662638
0.0
0.9829724733011092
0.0
0.9828868223194123
0.0
0.9828353589727093
0.0
0.9827122586723062
0.0
0.9825734393952104
0.0
0.9824653148420025
0.0
0.9824168332047851
0.0
0.9824141545649786
0.0
0.9823416362466327
0.0
0.9822607513544875
0.0
0.9820532677700232
0.0
0.9819869501974038
0.0
0.9820610236400261
0.0
0.9818538409136377
0.0
0.9817728936995137
0.0
23.0
2.0
3.2574746208267364
1.625931048732598
135.0
1.0262586086775212
0.0
1.026825777191005
0.0
1.0243666374898954
0.0
1.02375126412531
0.0
1.022370932842358
0.0
1.0225019872728816
0.0
1.0227160109046498
0.0
1.021653485970551
0.0
1.0211350052326176
0.0
1.0214265390504507
0.0
1.0206805769948812
0.0
1.0201479249307968
0.0
1.0206377045999824
0.0
1.0207151536433126
0.0
1.0216101146914767
0.0
1.021042662937995
0.0
1.0208688800140857
0.0
1.0209090593134955
0.0
1.0207408038658727
0.0
1.0205803199153902
0.0
1.020509740967873
0.0
1.020394490168294
0.0
1.0203898550139077
0.0
1.0202979443978288
0.0
1.020260616866681
0.0
1.020003072263787
0.0
1.0199381286034548
0.0
1.020039350785369
0.0
1.0197811182436831
0.0
1.0197452645025515
0.0
24.0
1.0
8.848150387199908
6.818977260692599
135.0
1.009021981634035
0.0
1.0096216270369016
0.0
1.0069759802408824
0.0
1.0062349233559256
0.0
1.004687871342679
0.0
1.0048539151548435
0.0
1.0050370883621447
0.0
1.0038229553632099
0.0
1.003257920365571
0.0
1.0035401577129592
0.0
1.0026214126373387
0.0
1.0020770108160195
0.0
1.0019691722307291
0.0
1.0019341658933436
0.0
1.0023410678807176
0.0
0.9994083154045248
0.0
0.9992983962346755
0.0
0.9992925005197134
0.0
0.9991768413667641
0.0
0.9990493061957186
0.0
0.9989593375493501
0.0
0.99888488993963
0.0
0.9988840102923013
0.0
0.9987987235693979
0.0
0.9987638747476191
0.0
0.998554575036728
0.0
0.9984953336654577
0.0
0.9985710343613036
0.0
0.998366838521223
0.0
0.9983152755345401
0.0
25.0
1.0
0.0
0.0
135.0
1.0408717387733144
0.0
1.0411056555247775
0.0
1.040097460299727
0.0
1.0398097313431949
0.0
1.0392135043871975
0.0
1.03928213748371
0.0
1.0393464074513323
0.0
1.038882537179148
0.0
1.0386593750948698
0.0
1.0387770830800462
0.0
1.038429026081499
0.0
1.038220985330394
0.0
1.038176595225432
0.0
1.0381575693519607
0.0
1.0383304479618152
0.0
1.0371593332701028
0.0
1.0371113791299185
0.0
1.0371340669165334
0.0
1.0370888940231244
0.0
1.0370471027819201
0.0
1.0370189446713318
0.0
1.0369979736141186
0.0
1.0369964605795448
0.0
1.0369618261202966
0.0
1.0369710070431635
0.0
1.036882546638108
0.0
1.0368589584992511
0.0
1.0369216418968499
0.0
1.0368301484878533
0.0
1.036812947405137
0.0
26.0
1.0
3.5621213055817083
2.338178986918438
135.0
1.0236638046367257
0.0
1.0239081442724132
0.0
1.0228796754008023
0.0
1.0225684573109577
0.0
1.0219660553532242
0.0
1.0220121758795684
0.0
1.022041544286727
0.0
1.0215642152897193
0.0
1.021351164265385
0.0
1.0214401566754694
0.0
1.0211051030021052
0.0
1.0208615234625278
0.0
1.0208267632681647
0.0
1.0207749301006126
0.0
1.0209703836677906
0.0
1.01977269533754
0.0
1.0197288679259977
0.0
1.0197686745113699
0.0
1.0196980324740523
0.0
1.0196694529511952
0.0
1.0196195861874668
0.0
1.019572997737174
0.0
1.0195813490579468
0.0
1.0195318305761296
0.0
1.0195729386679864
0.0
1.0194670871435187
0.0
1.0194191657975802
0.0
1.0194982660238703
0.0
1.0194002355724834
0.0
1.019352733104695
0.0
27.0
2.0
0.0
0.0
135.0
1.0689340660747266
0.0
1.0689312917997145
0.0
1.06896932970064
0.0
1.0689788913777418
0.0
1.068987634463513
0.0
1.0690054945679826
0.0
1.069011148388325
0.0
1.0690295070603917
0.0
1.0690154833605316
0.0
1.069045175494827
0.0
1.0690513811738247
0.0
1.0690752029726887
0.0
1.0690711829899173
0.0
1.069080117353094
0.0
1.0691010020369993
0.0
1.069092047885571
0.0
1.0690644686539872
0.0
1.0691053277616034
0.0
1.0690918295997345
0.0
1.0690786914239774
0.0
1.0690938476440506
0.0
1.0691093242674545
0.0
1.0690991019319056
0.0
1.0690975617677194
0.0
1.0691171392905985
0.0
1.069072055310613
0.0
1.06908470253924
0.0
1.0691451329824078
0.0
1.0690958048009302
0.0
1.069104174693743
0.0
28.0
1.0
0.0
0.0
135.0
0.9823565090968164
0.0
0.9832697804574113
0.0
0.9793225768389826
0.0
0.9782631074278484
0.0
0.9759816672942612
0.0
0.9761893749282794
0.0
0.9765722000096289
0.0
0.9747103870673217
0.0
0.9738953175739162
0.0
0.9743250615786206
0.0
0.9729564709155202
0.0
0.9720981589747368
0.0
0.9713313115403471
0.0
0.9713174049578811
0.0
0.9713337077563522
0.0
0.9715066111292594
0.0
0.9715471511750666
0.0
0.9715241043676506
0.0
0.9716089320435883
0.0
0.9716448860367464
0.0
0.971659157140081
0.0
0.9716895702813337
0.0
0.9717054638847749
0.0
0.9717185428916503
0.0
0.9717124482468844
0.0
0.9718467867541829
0.0
0.9718212040124328
0.0
0.9717806185753455
0.0
0.9718764275904948
0.0
0.9719100850339103
0.0
29.0
1.0
2.443110601885175
0.9137837192917303
135.0
1.049910225848734
0.0
1.0499122566324934
0.0
1.0498971674001618
0.0
1.0498917300749735
0.0
1.0498810753062753
0.0
1.0498815256526863
0.0
1.0498805920695746
0.0
1.0498721374915225
0.0
1.0498699260525066
0.0
1.049869698659801
0.0
1.0498618070998136
0.0
1.0498567569778963
0.0
1.0498641509653888
0.0
1.0498601931222733
0.0
1.0498683739410837
0.0
1.049930906118612
0.0
1.0499454230061747
0.0
1.0499350050703953
0.0
1.0499571048437815
0.0
1.0499688293943055
0.0
1.0499712814922153
0.0
1.0499757756757846
0.0
1.0499786359259848
0.0
1.0499811189027428
0.0
1.0499806992633487
0.0
1.049995581707304
0.0
1.0499948220278303
0.0
1.049989496528128
0.0
1.04999808655907
0.0
1.0499993096368065
0.0
30.0
1.0
10.795549807227939
1.9323589215131962
135.0
1.0387358124852961
0.0
1.0387461564803944
0.0
1.0386745537639461
0.0
1.0386715961977935
0.0
1.0386456860323412
0.0
1.0386288619854598
0.0
1.038632003295676
0.0
1.0386053653593847
0.0
1.0386192471456217
0.0
1.0386107731586531
0.0
1.0385884925759346
0.0
1.038556030144854
0.0
1.0385796955983841
0.0
1.038560965989413
0.0
1.038567175160784
0.0
1.0386808902530142
0.0
1.0387213386537493
0.0
1.0386710962999326
0.0
1.038720883368008
0.0
1.0387599905803604
0.0
1.0387453417724646
0.0
1.0387341068847171
0.0
1.0387592144299367
0.0
1.0387680518153561
0.0
1.0387469406719068
0.0
1.0388007032561326
0.0
1.0387957762634674
0.0
1.0387421371960646
0.0
1.0387999155911558
0.0
1.0387871876884995
0.0
1.0
2.0
1.0
3.0
2.0
4.0
3.0
4.0
2.0
5.0
2.0
6.0
4.0
6.0
5.0
7.0
6.0
7.0
6.0
8.0
6.0
9.0
6.0
10.0
9.0
11.0
9.0
10.0
4.0
12.0
12.0
13.0
12.0
14.0
12.0
15.0
12.0
16.0
14.0
15.0
16.0
17.0
15.0
18.0
18.0
19.0
19.0
20.0
10.0
20.0
10.0
17.0
10.0
21.0
10.0
22.0
21.0
22.0
15.0
23.0
22.0
24.0
23.0
24.0
24.0
25.0
25.0
26.0
25.0
27.0
28.0
27.0
27.0
29.0
27.0
30.0
29.0
30.0
8.0
28.0
6.0
28.0
