30.0
30.0
41.0
1.0
3.0
0.0
0.0
135.0
0.9820048016332101
0.0
0.982901501918998
0.0
0.9792552433673858
0.0
0.9785261756661338
0.0
0.9765957636550852
0.0
0.9767264474425713
0.0
0.9772737418665051
0.0
0.975716017377211
0.0
0.9749609858931378
0.0
0.9754562677031813
0.0
0.9747516951238785
0.0
0.9740357475859812
0.0
0.9731082581070706
0.0
0.9735483722307641
0.0
0.9732881839033635
0.0
0.9714567788531607
0.0
0.9703904322036707
0.0
0.9712810130382313
0.0
0.9691527964005099
0.0
0.9680299336906438
0.0
0.9677243830337499
0.0
0.9670747494599076
0.0
0.9666010473788842
0.0
0.9663128355330873
0.0
0.9665314225574685
0.0
0.9648956595478557
0.0
0.9649911648416446
0.0
0.9648658550202308
0.0
0.9658046951611987
0.0
0.9663737744512045
0.0
2.0
2.0
22.059176723633353
12.908421213009802
135.0
0.9782683447794156
0.0
0.9791542835354405
0.0
0.9755660961754214
0.0
0.9748565087246465
0.0
0.9729592398371655
0.0
0.9730880061882857
0.0
0.9736271229195252
0.0
0.972096908442395
0.0
0.9713540339814669
0.0
0.9718424888545939
0.0
0.9711445117324139
0.0
0.9704307718073608
0.0
0.9694945665398138
0.0
0.9699303686569579
0.0
0.9696681313684113
0.0
0.9678227303529112
0.0
0.9667491997162243
0.0
0.96763653244244
0.0
0.965495026313606
0.0
0.9643652591634634
0.0
0.9640543686699006
0.0
0.9633938433756271
0.0
0.9629217766929314
0.0
0.9626250540280322
0.0
0.9628419170433485
0.0
0.9611007447066959
0.0
0.9611963344505778
0.0
0.9611633009160748
0.0
0.9618189822063673
0.0
0.9622563911685442
0.0
3.0
1.0
2.4401649659267597
1.2204857257884474
135.0
0.97591613918424
0.0
0.9765046014619796
0.0
0.9742202096630964
0.0
0.9738956966519738
0.0
0.9727400625083903
0.0
0.9727980750340163
0.0
0.9732164910143283
0.0
0.9722995944041866
0.0
0.9718402249540123
0.0
0.9721934640016123
0.0
0.9718237370221573
0.0
0.9712818645723418
0.0
0.9706096039066324
0.0
0.9709884491977472
0.0
0.9708142761401612
0.0
0.9694728329676517
0.0
0.9686963653416643
0.0
0.9693389843089611
0.0
0.9677304599894249
0.0
0.9669366151205279
0.0
0.9667135164117782
0.0
0.9662077334616677
0.0
0.9658409279850394
0.0
0.9656348873562446
0.0
0.965812043613974
0.0
0.964645893147569
0.0
0.9647496418423155
0.0
0.9645600145405407
0.0
0.9654606984237453
0.0
0.9659721328960703
0.0
4.0
1.0
7.732379040912973
1.6272296908053234
135.0
0.9751296041966101
0.0
0.9756544523269994
0.0
0.9736602905621777
0.0
0.9734208611141746
0.0
0.9724317341984817
0.0
0.9724742173395211
0.0
0.9728655694632344
0.0
0.9720847422195247
0.0
0.9716889196089484
0.0
0.9720128350683407
0.0
0.971713406589549
0.0
0.9712094811165788
0.0
0.970592048197969
0.0
0.9709574799347356
0.0
0.9708029961169008
0.0
0.9695657130405716
0.0
0.9688510254008524
0.0
0.9694410418339425
0.0
0.9679439983238801
0.0
0.9672195411574227
0.0
0.9670146515708508
0.0
0.9665412736819571
0.0
0.9661956909957577
0.0
0.9660067126225567
0.0
0.9661762778934823
0.0
0.9651071940745914
0.0
0.9652129977151247
0.0
0.965012518692382
0.0
0.9659005534361321
0.0
0.9663966141184065
0.0
5.0
1.0
0.0
0.0
135.0
0.9701105502593064
0.0
0.9708175010488603
0.0
0.9679746296747893
0.0
0.9674860681526041
0.0
0.9660086141144958
0.0
0.9660694820325011
0.0
0.9665505663725491
0.0
0.9653567497370947
0.0
0.9647686975895172
0.0
0.9651917814365616
0.0
0.9646621502940935
0.0
0.96403725025537
0.0
0.9632482114631092
0.0
0.9636334957121704
0.0
0.9634280166907829
0.0
0.9618401839636358
0.0
0.960933862263991
0.0
0.9616594177292777
0.0
0.9598196513913531
0.0
0.9588786990365507
0.0
0.9586016401177162
0.0
0.9580100854302995
0.0
0.9576081125107477
0.0
0.957350613331664
0.0
0.9575396569902789
0.0
0.9560439227169354
0.0
0.9561763511725506
0.0
0.9560767224181799
0.0
0.9567839616388655
0.0
0.9572029446069225
0.0
6.0
1.0
0.0
0.0
135.0
0.970679372713143
0.0
0.9711888932647899
0.0
0.969180277975504
0.0
0.9689226246857878
0.0
0.9679063828568638
0.0
0.967941126368307
0.0
0.9683225262211723
0.0
0.9675266806821882
0.0
0.9671155380033786
0.0
0.967444594846242
0.0
0.9671299429495136
0.0
0.9666245461754869
0.0
0.966007196838296
0.0
0.9663561240422293
0.0
0.9662101310607862
0.0
0.9649659417572812
0.0
0.964259514169871
0.0
0.964825948938243
0.0
0.9633388210054222
0.0
0.9626247871793975
0.0
0.9624087390464148
0.0
0.961932142633659
0.0
0.9615944873036611
0.0
0.9614002274784496
0.0
0.9615641127724845
0.0
0.9604520883433998
0.0
0.9605737232411249
0.0
0.9603928686274168
0.0
0.9612084377257984
0.0
0.9616603482520734
0.0
7.0
1.0
23.144320477800868
11.089462854738766
135.0
0.960350513631104
0.0
0.9609484613576682
0.0
0.9585602820246639
0.0
0.9582085628927672
0.0
0.9569870835772384
0.0
0.9570053905843403
0.0
0.9574502981685425
0.0
0.9564604206110076
0.0
0.9559689670118146
0.0
0.956350802362706
0.0
0.9559272270252689
0.0
0.9553595964058657
0.0
0.9546713946733729
0.0
0.9550224919630079
0.0
0.9548543025552194
0.0
0.9534422747246399
0.0
0.9526455427192013
0.0
0.9532634286583096
0.0
0.9516269119971275
0.0
0.950812007914567
0.0
0.9505581122073082
0.0
0.9500119059247465
0.0
0.9496578159578583
0.0
0.9494282035559951
0.0
0.9495992568299558
0.0
0.9483024254207147
0.0
0.9484538600089613
0.0
0.9482813035686666
0.0
0.9490940186279643
0.0
0.9495313092197084
0.0
8.0
1.0
30.497640122290132
30.53146191938591
135.0
0.9590298095808646
0.0
0.9595459815280754
0.0
0.9575012015214699
0.0
0.9572500739469741
0.0
0.9562164193068036
0.0
0.9562458805801715
0.0
0.9566282273363136
0.0
0.9558275801396952
0.0
0.9554067082459544
0.0
0.955741044632798
0.0
0.9554327812955216
0.0
0.9549101655934832
0.0
0.9542794748191596
0.0
0.9546386889361336
0.0
0.9544963481173943
0.0
0.9532317541505911
0.0
0.9525221468547875
0.0
0.9530858130106185
0.0
0.9515765334338476
0.0
0.9508714467217626
0.0
0.9506528196169128
0.0
0.9501656328261612
0.0
0.9498234117073904
0.0
0.9496281440220249
0.0
0.9498001268659984
0.0
0.9486507933927366
0.0
0.9487958088677916
0.0
0.9486147062388106
0.0
0.9494246599248275
0.0
0.9498754085103316
0.0
9.0
1.0
0.0
0.0
135.0
0.9878871468234932
0.0
0.9880382552813698
0.0
0.9872941507766001
0.0
0.9873398531462401
0.0
0.986965175063545
0.0
0.9869619256475598
0.0
0.9871917735771308
0.0
0.9869517524553548
0.0
0.9867837440423847
0.0
0.9869961572739138
0.0
0.9869162790076306
0.0
0.9865641801718145
0.0
0.9861018639264945
0.0
0.9863591651177452
0.0
0.9862656610323013
0.0
0.9853229956385883
0.0
0.9847917746523626
0.0
0.9851566358559136
0.0
0.9839909685379146
0.0
0.9834414015340212
0.0
0.9832332114950881
0.0
0.9828507361858001
0.0
0.9825829125312424
0.0
0.982416818296252
0.0
0.9825019404554711
0.0
0.9814492815201408
0.0
0.9815536446996969
0.0
0.9815233488491393
0.0
0.9818128042766718
0.0
0.982022754745571
0.0
10.0
1.0
5.8928808432662665
2.033640195369656
135.0
0.9969007427440808
0.0
0.9968641115641834
0.0
0.9967823698611374
0.0
0.996986972815929
0.0
0.9969483519332988
0.0
0.9969252014602326
0.0
0.9970756650491513
0.0
0.9971267900358427
0.0
0.9970861376148492
0.0
0.9972374518381127
0.0
0.9972805502013364
0.0
0.9970087503388378
0.0
0.9966276419240808
0.0
0.9968369485373432
0.0
0.9967709386360143
0.0
0.9959862143381772
0.0
0.9955467682380843
0.0
0.9958060432888215
0.0
0.9948087601000988
0.0
0.9943453423863684
0.0
0.9941412684918808
0.0
0.9938080947126717
0.0
0.9935768495542047
0.0
0.9934255087229307
0.0
0.9934693740025564
0.0
0.9924478112752504
0.0
0.9925431273623553
0.0
0.9925916956291077
0.0
0.9926055677063289
0.0
0.9926887771941885
0.0
11.0
1.0
0.0
0.0
135.0
0.9878871468234932
0.0
0.9880382552813698
0.0
0.9872941507766001
0.0
0.9873398531462401
0.0
0.986965175063545
0.0
0.9869619256475598
0.0
0.9871917735771308
0.0
0.9869517524553548
0.0
0.9867837440423847
0.0
0.9869961572739138
0.0
0.9869162790076306
0.0
0.9865641801718145
0.0
0.9861018639264945
0.0
0.9863591651177452
0.0
0.9862656610323013
0.0
0.9853229956385883
0.0
0.9847917746523626
0.0
0.9851566358559136
0.0
0.9839909685379146
0.0
0.9834414015340212
0.0
0.9832332114950881
0.0
0.9828507361858001
0.0
0.9825829125312424
0.0
0.982416818296252
0.0
0.9825019404554711
0.0
0.9814492815201408
0.0
0.9815536446996969
0.0
0.9815233488491393
0.0
0.9818128042766718
0.0
0.982022754745571
0.0
12.0
1.0
11.374067274718564
7.616204993562684
135.0
1.0149050031179283
0.0
1.0145590915446356
0.0
1.017099335625106
0.0
1.018317488603601
0.0
1.0200731226308615
0.0
1.0199378606415337
0.0
1.0199873268266513
0.0
1.0214096631804748
0.0
1.0221083709595087
0.0
1.0219545246939736
0.0
1.022808897196024
0.0
1.022858665742432
0.0
1.0229782383756356
0.0
1.0232745452300827
0.0
1.0233247607678047
0.0
1.0235642153379172
0.0
1.0236352140858211
0.0
1.0236642354877155
0.0
1.023604769906705
0.0
1.0237544995076753
0.0
1.0238565591794584
0.0
1.023839004850319
0.0
1.0237443020846322
0.0
1.0238253377760764
0.0
1.0239142556360399
0.0
1.0241119204541533
0.0
1.0241812613602723
0.0
1.0239894472583848
0.0
1.024496019780508
0.0
1.0248217529876804
0.0
13.0
2.0
0.0
0.0
135.0
1.063852464355943
0.0
1.0628976851745238
0.0
1.069209970588229
0.0
1.0717646008330004
0.0
1.0759287047669168
0.0
1.0756456807007388
0.0
1.075471136948983
0.0
1.0788038182940933
0.0
1.080412433013219
0.0
1.079893147567482
0.0
1.0815741642538614
0.0
1.081750300807286
0.0
1.0818761621488986
0.0
1.0821603106719007
0.0
1.0822065476881484
0.0
1.0824304350619949
0.0
1.0824960626900786
0.0
1.0825267841088089
0.0
1.0824649178644183
0.0
1.082603387855165
0.0
1.0826997263582747
0.0
1.0826831195185544
0.0
1.0825919476491705
0.0
1.082668535492542
0.0
1.082752786174154
0.0
1.0829226196062909
0.0
1.0829904563295074
0.0
1.0828210198142967
0.0
1.0832684860541346
0.0
1.0835579035985592
0.0
14.0
1.0
6.293935835681497
1.62467601922063
135.0
1.0033273712319009
0.0
1.002987126772651
0.0
1.0053151433853535
0.0
1.006451569019923
0.0
1.00804437391636
0.0
1.007911603574683
0.0
1.0079701191485801
0.0
1.0092697090983707
0.0
1.0099191723681513
0.0
1.0097755993606161
0.0
1.010640307544988
0.0
1.01080472553709
0.0
1.0111675248385965
0.0
1.0114403625300825
0.0
1.0115454002235
0.0
1.012256582514806
0.0
1.0125536121418508
0.0
1.012423728216824
0.0
1.0128137888643762
0.0
1.0132328309673202
0.0
1.0134424402788507
0.0
1.0135502324151566
0.0
1.013530475594097
0.0
1.0136971792880491
0.0
1.0137738025638876
0.0
1.0143930785467328
0.0
1.014463110132745
0.0
1.0142468296227676
0.0
1.0146964601391943
0.0
1.0149860794948555
0.0
15.0
1.0
8.31839397408964
2.5412792515616633
135.0
1.0062053738700873
0.0
1.0058848178435715
0.0
1.0080356566930837
0.0
1.0090873474856723
0.0
1.0105508948032809
0.0
1.010434227571544
0.0
1.0104842137309609
0.0
1.0116938075209274
0.0
1.0122905394131119
0.0
1.0121578444817423
0.0
1.013053584751963
0.0
1.0133210822152672
0.0
1.0138622076961803
0.0
1.0141487769843682
0.0
1.0143217219856135
0.0
1.0154349012862356
0.0
1.0159504401202772
0.0
1.0157035476050091
0.0
1.0164560937045053
0.0
1.0171244302759737
0.0
1.0174197628165753
0.0
1.0176842342076848
0.0
1.0177224381155305
0.0
1.0179780254865571
0.0
1.0180564824444318
0.0
1.0190430123093945
0.0
1.0191133436600395
0.0
1.0188806806695205
0.0
1.01926099638246
0.0
1.019500191153845
0.0
16.0
1.0
3.557803474125939
1.8270933951356974
135.0
0.9997320932062139
0.0
0.9995170126112645
0.0
1.000941265976854
0.0
1.0017208569617881
0.0
1.0027134262652264
0.0
1.002624095223026
0.0
1.0027117979960833
0.0
1.0035576655817307
0.0
1.003929562075156
0.0
1.0039037070556094
0.0
1.0044072947433473
0.0
1.0043124964547747
0.0
1.0042241963064558
0.0
1.0044778112404986
0.0
1.0044836985346712
0.0
1.0042766019078524
0.0
1.0041232202428252
0.0
1.0042403645291778
0.0
1.003769590972874
0.0
1.0036584230488053
0.0
1.003619023314435
0.0
1.0034692431183925
0.0
1.0033146257069347
0.0
1.0032931532435938
0.0
1.0033497807781964
0.0
1.003027383982451
0.0
1.003104514031781
0.0
1.0030135040121386
0.0
1.003308199709326
0.0
1.0035271519524296
0.0
17.0
1.0
9.160465899290458
5.909694617868753
135.0
0.9922017208460256
0.0
0.9921097511064655
0.0
0.9924780974944004
0.0
0.9928413372532553
0.0
0.9931065778751161
0.0
0.9930679575324427
0.0
0.9931896376055773
0.0
0.993482780582271
0.0
0.9935510377412857
0.0
0.9936484691113991
0.0
0.9938255232828478
0.0
0.9936022117814877
0.0
0.9933125656505032
0.0
0.993529518449475
0.0
0.993483870026134
0.0
0.9928691397766286
0.0
0.9925067224493779
0.0
0.9927143817520936
0.0
0.991864568905121
0.0
0.9915044559126354
0.0
0.9913414655752973
0.0
0.9910621750369161
0.0
0.9908548901572498
0.0
0.9907319709872048
0.0
0.9907737636117161
0.0
0.9899621836439397
0.0
0.9900492139949715
0.0
0.9900492554560543
0.0
0.9901472108065807
0.0
0.9902630667295477
0.0
18.0
1.0
3.252751563884303
0.9156654730190789
135.0
0.9891489244379881
0.0
0.9889297538348174
0.0
0.9903060931972492
0.0
0.9910639209256284
0.0
0.9919931504418178
0.0
0.9919037728298582
0.0
0.9919921214757291
0.0
0.992779231711657
0.0
0.9931613703897385
0.0
0.9931229566038088
0.0
0.9937084504127826
0.0
0.9938022170272727
0.0
0.994001681237022
0.0
0.9942573203976666
0.0
0.994341125221252
0.0
0.9947866261489605
0.0
0.994946040578123
0.0
0.9948723704654512
0.0
0.9950327078639587
0.0
0.9952945903875823
0.0
0.9953964915563521
0.0
0.9954435031604856
0.0
0.9954031108677109
0.0
0.9954892907742122
0.0
0.9955587067578641
0.0
0.9958472013918668
0.0
0.9959133985539464
0.0
0.9957585714390907
0.0
0.9960420327665385
0.0
0.9962418339674334
0.0
19.0
1.0
9.656112041366857
3.449637125767047
135.0
0.9828610626513201
0.0
0.9827015855533437
0.0
0.983619578190886
0.0
0.9842037273686746
0.0
0.9848106547210659
0.0
0.9847448530774977
0.0
0.9848583445052947
0.0
0.9853978910843212
0.0
0.9856486470256491
0.0
0.9856709605310112
0.0
0.9860759400047352
0.0
0.9860665703107852
0.0
0.9860676460530138
0.0
0.9863029698950118
0.0
0.9863394822361461
0.0
0.9863904778881593
0.0
0.9863440669790088
0.0
0.9863740486884951
0.0
0.986180954216731
0.0
0.9862115143687903
0.0
0.9862037602693623
0.0
0.9861196228691447
0.0
0.9860301128494079
0.0
0.986024194675594
0.0
0.9860874258315676
0.0
0.9859638236477346
0.0
0.9860337262370542
0.0
0.9859269376033044
0.0
0.9861497499274811
0.0
0.9863291656827177
0.0
20.0
1.0
2.234364145046257
0.710858574593017
135.0
0.985405697056051
0.0
0.9852777810507403
0.0
0.9859456305102108
0.0
0.9864343864284627
0.0
0.9868807011856215
0.0
0.986824086866465
0.0
0.9869461255821469
0.0
0.9873643372619308
0.0
0.9875411626850269
0.0
0.9875952332902728
0.0
0.9879091408774802
0.0
0.9878354059315361
0.0
0.9877390727197621
0.0
0.9879670651238394
0.0
0.9879787031181192
0.0
0.9878201360174117
0.0
0.9876760520452085
0.0
0.987760772770368
0.0
0.9873695668404323
0.0
0.9872764150474211
0.0
0.9872188562296913
0.0
0.9870698427075343
0.0
0.9869461302541209
0.0
0.9869035050438937
0.0
0.9869608374445911
0.0
0.9866139346353177
0.0
0.9866904541298738
0.0
0.9866192241507714
0.0
0.986792619911081
0.0
0.9869513986859098
0.0
21.0
1.0
17.819377080361274
11.385467610964975
135.0
1.006307456065112
0.0
1.0061972613940444
0.0
1.0061672418260643
0.0
1.0063372698343702
0.0
1.0062673120898136
0.0
1.0062493296689734
0.0
1.0063604111098974
0.0
1.0064115285703032
0.0
1.0063571710373673
0.0
1.006511489512079
0.0
1.0065224436790097
0.0
1.0062489424211345
0.0
1.0058393464309932
0.0
1.0060076896405727
0.0
1.0059498854934685
0.0
1.005094364551282
0.0
1.0046498707474814
0.0
1.0048831309792516
0.0
1.0038501559736621
0.0
1.0033529394762184
0.0
1.003110775575234
0.0
1.0027651746888893
0.0
1.002533458853931
0.0
1.0023673638929764
0.0
1.0023837828522901
0.0
1.0012584226052152
0.0
1.001350926210363
0.0
1.0014332304707279
0.0
1.0013586876677911
0.0
1.0013866764036747
0.0
22.0
2.0
0.0
0.0
135.0
1.0131760935195353
0.0
1.0130459793942708
0.0
1.0130332246105211
0.0
1.0131993110522934
0.0
1.0131243820210438
0.0
1.0131081243067768
0.0
1.013216829231217
0.0
1.0132642093776818
0.0
1.0132083590002348
0.0
1.0133624385619073
0.0
1.013367715764794
0.0
1.01309420443813
0.0
1.0126813654375926
0.0
1.0128464894118996
0.0
1.0127874805310786
0.0
1.011923905278566
0.0
1.01147599776879
0.0
1.0117099846526008
0.0
1.0106716963417262
0.0
1.010168325783853
0.0
1.0099226118895144
0.0
1.0095747179373633
0.0
1.00934332114434
0.0
1.0091748639186928
0.0
1.0091885024403318
0.0
1.0080431482110825
0.0
1.0081359220340922
0.0
1.008228379149354
0.0
1.0081281564305016
0.0
1.0081433117504413
0.0
23.0
2.0
3.2574746208267364
1.625931048732598
135.0
1.0239582374555292
0.0
1.023604152004564
0.0
1.0256862209021198
0.0
1.0266468864606888
0.0
1.028017025965267
0.0
1.027902814411401
0.0
1.0279479563142524
0.0
1.0290845140492169
0.0
1.0297178155837423
0.0
1.0295452454089415
0.0
1.0307670737662056
0.0
1.0316650719957436
0.0
1.0332903802528928
0.0
1.0336141227310092
0.0
1.0340975025170656
0.0
1.0374753813574746
0.0
1.039203384014193
0.0
1.038268587708976
0.0
1.0411335513079958
0.0
1.0431402547847335
0.0
1.0439901982331206
0.0
1.0450385699375488
0.0
1.0453930462039605
0.0
1.0461459735508771
0.0
1.0462101143700138
0.0
1.049301550472189
0.0
1.0493763299686505
0.0
1.0490602520625751
0.0
1.0491736289432976
0.0
1.049212928586759
0.0
24.0
1.0
8.848150387199908
6.818977260692599
135.0
1.014739680328674
0.0
1.014546028744157
0.0
1.0152611473449682
0.0
1.015674145934589
0.0
1.0161016956027826
0.0
1.0160626486934892
0.0
1.0161199214937755
0.0
1.0165255962736612
0.0
1.0167172203940722
0.0
1.01671975174128
0.0
1.0171380982577198
0.0
1.0173209112401624
0.0
1.01766887067613
0.0
1.0178536204487012
0.0
1.0179951807257082
0.0
1.0187210536220568
0.0
1.0190899262495319
0.0
1.0188900525097917
0.0
1.0193603696894393
0.0
1.0198002110181026
0.0
1.019959100002946
0.0
1.0201398352499795
0.0
1.020147907336866
0.0
1.020308182137766
0.0
1.0203569069042844
0.0
1.0208733661620317
0.0
1.020939768123016
0.0
1.0208484952174977
0.0
1.0209093073433346
0.0
1.0209620964697326
0.0
25.0
1.0
0.0
0.0
135.0
1.043255214325468
0.0
1.043178572509879
0.0
1.0434877880250608
0.0
1.0436541691592176
0.0
1.043832799632557
0.0
1.0438196223196334
0.0
1.0438337215109597
0.0
1.0440070359383133
0.0
1.0440805556698056
0.0
1.04408868586432
0.0
1.0442690762773965
0.0
1.0443465722066936
0.0
1.0444902507012341
0.0
1.0445591516648396
0.0
1.044636112535063
0.0
1.0449278393949262
0.0
1.0450685226721024
0.0
1.0450135120788555
0.0
1.0451987489866112
0.0
1.0453821011348579
0.0
1.0454506375562251
0.0
1.045529234358797
0.0
1.0455326704933432
0.0
1.045594518048482
0.0
1.0456363876529948
0.0
1.0458465703541961
0.0
1.0458700388700102
0.0
1.0458569586291206
0.0
1.0458872008911404
0.0
1.0459134553088103
0.0
26.0
1.0
3.5621213055817083
2.338178986918438
135.0
1.0258898683747284
0.0
1.0258164743427323
0.0
1.0261371131780144
0.0
1.026290615090074
0.0
1.0264828698111286
0.0
1.0264442502839284
0.0
1.0264228475976838
0.0
1.0265981924877303
0.0
1.026688721601363
0.0
1.02666613876366
0.0
1.026873672138006
0.0
1.0269233445728803
0.0
1.0270785270978455
0.0
1.0271184341125328
0.0
1.0272134424470412
0.0
1.027467758656738
0.0
1.0276128770494333
0.0
1.0275767036851795
0.0
1.027733994880707
0.0
1.0279318943407632
0.0
1.0279800433977242
0.0
1.0280326860773177
0.0
1.0280446009272
0.0
1.0280932107563765
0.0
1.0281687200613219
0.0
1.0283683398782875
0.0
1.0283686105170369
0.0
1.0283651315223787
0.0
1.028407577718524
0.0
1.0284124803281653
0.0
27.0
2.0
0.0
0.0
135.0
1.0688787571904426
0.0
1.068876232281937
0.0
1.068915837403183
0.0
1.0689280651957125
0.0
1.0689383584944532
0.0
1.0689548153207478
0.0
1.0689597447022197
0.0
1.0689810071370816
0.0
1.068968593079359
0.0
1.0689973167880167
0.0
1.0690083178227399
0.0
1.069032925722597
0.0
1.0690369837467977
0.0
1.0690466213509373
0.0
1.0690722116980715
0.0
1.0691022266321226
0.0
1.0690923587040737
0.0
1.0691213178776389
0.0
1.069136507656052
0.0
1.0691457261926864
0.0
1.0691664630742814
0.0
1.0691922381673238
0.0
1.0691884385032713
0.0
1.0691938335258717
0.0
1.0692131653904058
0.0
1.069229520859544
0.0
1.0692374883870037
0.0
1.0692710590727192
0.0
1.0692716116464505
0.0
1.0692908965376833
0.0
28.0
1.0
0.0
0.0
135.0
0.9803927587617042
0.0
0.9808422280109486
0.0
0.9790739101887767
0.0
0.978861019120128
0.0
0.9779701487957148
0.0
0.9779971259507737
0.0
0.9783375196129842
0.0
0.9776460723208172
0.0
0.9772830330052273
0.0
0.977578552219955
0.0
0.9773192844924593
0.0
0.9768697128917224
0.0
0.9763301384878691
0.0
0.9766512734212494
0.0
0.9765318262716096
0.0
0.9754429215803443
0.0
0.9748278582155118
0.0
0.975327264913997
0.0
0.9740137940801299
0.0
0.9734001165298566
0.0
0.9732134729210855
0.0
0.9727941884521403
0.0
0.9724924052348639
0.0
0.9723257872854713
0.0
0.9724805297399381
0.0
0.971541781411978
0.0
0.9716547970737135
0.0
0.9714557114897924
0.0
0.9722793063908934
0.0
0.9727219557017805
0.0
29.0
1.0
2.443110601885175
0.9137837192917303
135.0
1.0494617271927371
0.0
1.0494560888141662
0.0
1.0494801227831645
0.0
1.049492591440293
0.0
1.0495077748918427
0.0
1.0495034771656886
0.0
1.0495020027647697
0.0
1.049516578625194
0.0
1.0495244744909284
0.0
1.0495206238307215
0.0
1.0495394281100516
0.0
1.0495445179766134
0.0
1.0495654720959087
0.0
1.0495691856009104
0.0
1.0495775867993724
0.0
1.0496097492703667
0.0
1.0496314520887766
0.0
1.0496188356835732
0.0
1.0496448867576837
0.0
1.049668607568251
0.0
1.0496741665746094
0.0
1.0496811044170304
0.0
1.049684276580003
0.0
1.0496916072071296
0.0
1.0496950085257513
0.0
1.0497675996368314
0.0
1.0497642677207533
0.0
1.0497158050573114
0.0
1.049821884504236
0.0
1.0498556462172768
0.0
30.0
1.0
10.795549807227939
1.9323589215131962
135.0
1.0380194319378664
0.0
1.0380167167459236
0.0
1.0380093118511877
0.0
1.0380350240691392
0.0
1.0380514536657832
0.0
1.0380272470188157
0.0
1.0380302143666316
0.0
1.038040372792374
0.0
1.0380703113637029
0.0
1.0380566478535895
0.0
1.0380758334506472
0.0
1.0380595960968255
0.0
1.0381007740896044
0.0
1.0380944071376974
0.0
1.0380977726316598
0.0
1.0381339867503216
0.0
1.03817449989736
0.0
1.0381285430834435
0.0
1.038165333860176
0.0
1.0382098872811345
0.0
1.0381963592024472
0.0
1.0381819746174228
0.0
1.0382035294519143
0.0
1.0382159335136758
0.0
1.0382012171106962
0.0
1.0383102944523526
0.0
1.0383041525223413
0.0
1.0381960869588687
0.0
1.0383842901700922
0.0
1.0384186846844286
0.0
1.0
2.0
1.0
3.0
2.0
4.0
3.0
4.0
2.0
5.0
2.0
6.0
4.0
6.0
5.0
7.0
6.0
7.0
6.0
8.0
6.0
9.0
6.0
10.0
9.0
11.0
9.0
10.0
4.0
12.0
12.0
13.0
12.0
14.0
12.0
15.0
12.0
16.0
14.0
15.0
16.0
17.0
15.0
18.0
18.0
19.0
19.0
20.0
10.0
20.0
10.0
17.0
10.0
21.0
10.0
22.0
21.0
22.0
15.0
23.0
22.0
24.0
23.0
24.0
24.0
25.0
25.0
26.0
25.0
27.0
28.0
27.0
27.0
29.0
27.0
30.0
29.0
30.0
8.0
28.0
6.0
28.0
