24.0
30.0
38.0
1.0
2.0
109.9895855722284
22.370655324370013
138.0
1.0397974409374673
-0.12419569778906639
1.0398228022343636
-0.12413998379915957
1.0398496461763393
-0.1239909342601929
1.0398224127627698
-0.12461735558196473
1.039674937193642
-0.1255142009978759
1.0396537198252278
-0.12576606680306396
1.039617204688006
-0.12620615665178345
1.0395041012257875
-0.12694003005444496
1.0394466734061056
-0.12723210818586544
1.0394451879145976
-0.12769208528970896
1.039348231288508
-0.1282242663330298
1.0393355366002992
-0.12849364993450377
1.039357225466919
-0.12864353318438673
1.039333366279524
-0.12900880551639302
1.0390947649944506
-0.1302523681730433
1.0391065346206698
-0.13013349568233062
1.0390501674811068
-0.13068419186186017
1.0390089760059522
-0.13108835362446844
1.039019196478292
-0.13156425592127635
1.038962280644622
-0.13199553659451693
1.0388117558172048
-0.1328392931476964
1.0387984042635632
-0.13308872679911998
1.0387428395817342
-0.13361825644496186
1.0387191615017668
-0.13387484222819007
1.0386636630926154
-0.13418946459367373
1.0385650460647666
-0.13503051937133614
1.0383880522823852
-0.13598285815372937
1.0384306365442966
-0.1359457468306224
1.0383971488200232
-0.1361534312711483
1.0382836279471324
-0.13679243704505661
2.0
2.0
98.70703418737955
20.334421004570896
138.0
1.0396084553540896
-0.12419569778906639
1.039636687169322
-0.12413998379915957
1.0396691340063617
-0.1239909342601929
1.0396364065427195
-0.12461735558196473
1.039489019125991
-0.1255142009978759
1.039464324780178
-0.12576606680306396
1.0394384236246217
-0.12620615665178345
1.0393177495227661
-0.12694003005444496
1.0392541539830242
-0.12723210818586544
1.0392578198142157
-0.12769208528970896
1.0391629506530053
-0.1282242663330298
1.0391483542622257
-0.12849364993450377
1.0391680761056339
-0.12864353318438673
1.039145482682644
-0.12900880551639302
1.0389091960838872
-0.1302523681730433
1.038919525890618
-0.13013349568233062
1.038863727811717
-0.13068419186186017
1.0388246191226327
-0.13108835362446844
1.038834326251649
-0.13156425592127635
1.0387739222941905
-0.13199553659451693
1.0386259590796494
-0.1328392931476964
1.0386076198665244
-0.13308872679911998
1.038556405706018
-0.13361825644496186
1.038528361913014
-0.13387484222819007
1.0384774413429476
-0.13418946459367373
1.038382617070024
-0.13503051937133614
1.0381990571830317
-0.13598285815372937
1.0382413584565062
-0.1359457468306224
1.0382051809371207
-0.1361534312711483
1.0380964301862015
-0.13679243704505661
3.0
1.0
183.1485715994574
37.64211848520817
138.0
1.0078015385771675
-0.12419569778906639
1.0077727887184675
-0.12413998379915957
1.007677335798015
-0.1239909342601929
1.0077081995151165
-0.12461735558196473
1.0074882113679224
-0.1255142009978759
1.00742754535688
-0.12576606680306396
1.0074799386265763
-0.12620615665178345
1.0073815944743751
-0.12694003005444496
1.0071719050602592
-0.12723210818586544
1.0072956304161058
-0.12769208528970896
1.0070795629037141
-0.1282242663330298
1.0070174262328373
-0.12849364993450377
1.0069879670983068
-0.12864353318438673
1.0069578161132784
-0.12900880551639302
1.0067033063221449
-0.1302523681730433
1.0067302549340882
-0.13013349568233062
1.0066968692011913
-0.13068419186186017
1.0065988087977351
-0.13108835362446844
1.0065758263264786
-0.13156425592127635
1.0065586937655542
-0.13199553659451693
1.006313738512098
-0.1328392931476964
1.0063418858078919
-0.13308872679911998
1.0062593268925708
-0.13361825644496186
1.006124899616442
-0.13387484222819007
1.0061247016526915
-0.13418946459367373
1.0059376671966196
-0.13503051937133614
1.0058468116745902
-0.13598285815372937
1.0059104186856773
-0.1359457468306224
1.0057793924432457
-0.1361534312711483
1.0056863903763442
-0.13679243704505661
4.0
1.0
75.17304747208792
15.229100890470233
138.0
1.0018966170895398
-0.12419569778906639
1.0019433420147408
-0.12413998379915957
1.001958699165852
-0.1239909342601929
1.0018964266740102
-0.12461735558196473
1.0017009947792312
-0.1255142009978759
1.001658526980216
-0.12576606680306396
1.0016944474632978
-0.12620615665178345
1.0015028276409355
-0.12694003005444496
1.0013877210492201
-0.12723210818586544
1.001402286924702
-0.12769208528970896
1.0012260508918522
-0.1282242663330298
1.0012368079556047
-0.12849364993450377
1.00120468659966
-0.12864353318438673
1.0011733839976578
-0.12900880551639302
1.000936414913177
-0.1302523681730433
1.000926537606129
-0.13013349568233062
1.000823268196777
-0.13068419186186017
1.0007873770016842
-0.13108835362446844
1.0007417190970567
-0.13156425592127635
1.0006722408590412
-0.13199553659451693
1.0005166630139297
-0.1328392931476964
1.000446159372886
-0.13308872679911998
1.0004116021156544
-0.13361825644496186
1.000349224774594
-0.13387484222819007
1.0002820367705794
-0.13418946459367373
1.0001625633912985
-0.13503051937133614
0.9999599445461441
-0.13598285815372937
0.9999985026600368
-0.1359457468306224
0.9998917345719422
-0.1361534312711483
0.9998767712007688
-0.13679243704505661
5.0
1.0
72.1454143032921
14.253290320306618
138.0
1.0203213894974865
-0.12419569778906639
1.0203684869916632
-0.12413998379915957
1.0203464672637144
-0.1239909342601929
1.0203112412803685
-0.12461735558196473
1.0201106417161638
-0.1255142009978759
1.0200769501296485
-0.12576606680306396
1.02000377397069
-0.12620615665178345
1.019899827222778
-0.12694003005444496
1.019843789838882
-0.12723210818586544
1.019791380938285
-0.12769208528970896
1.0196596676622365
-0.1282242663330298
1.0196296964833012
-0.12849364993450377
1.0196038454303777
-0.12864353318438673
1.0195513762245554
-0.12900880551639302
1.0193147394998407
-0.1302523681730433
1.0193428387904058
-0.13013349568233062
1.0192489083711267
-0.13068419186186017
1.019196382516284
-0.13108835362446844
1.0191399543176591
-0.13156425592127635
1.0190679463442567
-0.13199553659451693
1.018911555456606
-0.1328392931476964
1.0188919485796346
-0.13308872679911998
1.018781523732794
-0.13361825644496186
1.0187453850315018
-0.13387484222819007
1.018662108284292
-0.13418946459367373
1.0185640426974127
-0.13503051937133614
1.0183434146229773
-0.13598285815372937
1.0183814384331429
-0.1359457468306224
1.0183299409288573
-0.1361534312711483
1.018208342460977
-0.13679243704505661
6.0
1.0
138.2996718256325
28.441642567579954
138.0
1.0085041952370208
-0.12419569778906639
1.0084913508458755
-0.12413998379915957
1.0084893240772248
-0.1239909342601929
1.0083014366652374
-0.12461735558196473
1.0081373834455867
-0.1255142009978759
1.008141856828351
-0.12576606680306396
1.007981679844344
-0.12620615665178345
1.0078624298399397
-0.12694003005444496
1.0077999559780544
-0.12723210818586544
1.0076521203624105
-0.12769208528970896
1.0076020765010616
-0.1282242663330298
1.0075516283004793
-0.12849364993450377
1.0074984140797092
-0.12864353318438673
1.0074031430902326
-0.12900880551639302
1.0071619638546043
-0.1302523681730433
1.0071900309285964
-0.13013349568233062
1.0070427132865334
-0.13068419186186017
1.0069975663625899
-0.13108835362446844
1.0068488336862809
-0.13156425592127635
1.0067520217968675
-0.13199553659451693
1.0065579669571947
-0.1328392931476964
1.0064885814630997
-0.13308872679911998
1.006400987003963
-0.13361825644496186
1.0063373876402115
-0.13387484222819007
1.006260235564689
-0.13418946459367373
1.0061157212786274
-0.13503051937133614
1.0058954378248866
-0.13598285815372937
1.0058644264963144
-0.1359457468306224
1.0058334193428384
-0.1361534312711483
1.0056908301280039
-0.13679243704505661
7.0
2.0
127.070769006366
25.417614117498857
138.0
1.0207543802032508
-0.12419569778906639
1.020701748060938
-0.12413998379915957
1.0207040987420695
-0.1239909342601929
1.0207636126760107
-0.12461735558196473
1.02085220802467
-0.1255142009978759
1.0208427588436588
-0.12576606680306396
1.0209276343181255
-0.12620615665178345
1.0209743286999353
-0.12694003005444496
1.0209750048816406
-0.12723210818586544
1.020994176986521
-0.12769208528970896
1.0210579226759045
-0.1282242663330298
1.0211248778840292
-0.12849364993450377
1.0211402390815718
-0.12864353318438673
1.0211295109566112
-0.12900880551639302
1.0212960873193937
-0.1302523681730433
1.0212436074127307
-0.13013349568233062
1.0213356271494873
-0.13068419186186017
1.021311900575604
-0.13108835362446844
1.0213675822816641
-0.13156425592127635
1.0213582271717951
-0.13199553659451693
1.021415266230232
-0.1328392931476964
1.021384736423599
-0.13308872679911998
1.021502129884774
-0.13361825644496186
1.0216136421893671
-0.13387484222819007
1.0215921931232617
-0.13418946459367373
1.0215899826602541
-0.13503051937133614
1.0217287495364453
-0.13598285815372937
1.021762701021415
-0.1359457468306224
1.0217400364497733
-0.1361534312711483
1.021768613578457
-0.13679243704505661
8.0
1.0
173.57213951513924
35.57061307491338
138.0
0.9848053864043581
-0.12419569778906639
0.9847132242355602
-0.12413998379915957
0.9847559704009468
-0.1239909342601929
0.984705775377429
-0.12461735558196473
0.984665604173124
-0.1255142009978759
0.9845580663197531
-0.12576606680306396
0.984637511799146
-0.12620615665178345
0.9845778703601965
-0.12694003005444496
0.9845367565636827
-0.12723210818586544
0.9845007937355981
-0.12769208528970896
0.9844843928191782
-0.1282242663330298
0.9845001210909309
-0.12849364993450377
0.9844824186313611
-0.12864353318438673
0.9843841918667975
-0.12900880551639302
0.984400371532372
-0.1302523681730433
0.9843364613077648
-0.13013349568233062
0.984338653279709
-0.13068419186186017
0.9843088397886636
-0.13108835362446844
0.984240639839229
-0.13156425592127635
0.984108945991482
-0.13199553659451693
0.9840807250792741
-0.1328392931476964
0.983968085599772
-0.13308872679911998
0.9840412508834747
-0.13361825644496186
0.9840676399112819
-0.13387484222819007
0.9840483535563799
-0.13418946459367373
0.9838800005992032
-0.13503051937133614
0.9839044586421788
-0.13598285815372937
0.9838911683209691
-0.1359457468306224
0.9838799195190215
-0.1361534312711483
0.9838871893026881
-0.13679243704505661
9.0
1.0
177.65166594834716
36.60538883336858
138.0
1.0142987176499068
-0.12419569778906639
1.0143345235210774
-0.12413998379915957
1.0142984794236631
-0.1239909342601929
1.0142974974833254
-0.12461735558196473
1.014216041669187
-0.1255142009978759
1.0141579557261875
-0.12576606680306396
1.0142273916991928
-0.12620615665178345
1.0141272415853624
-0.12694003005444496
1.0140463253873793
-0.12723210818586544
1.0140570430827953
-0.12769208528970896
1.0139667576314304
-0.1282242663330298
1.013970911110443
-0.12849364993450377
1.0139494496009054
-0.12864353318438673
1.0139410446460169
-0.12900880551639302
1.0138257993253645
-0.1302523681730433
1.0137804443613458
-0.13013349568233062
1.013744560816501
-0.13068419186186017
1.013717320043058
-0.13108835362446844
1.0136901463804453
-0.13156425592127635
1.0136285638422682
-0.13199553659451693
1.0135458790726262
-0.1328392931476964
1.0135230084612783
-0.13308872679911998
1.0135266476365499
-0.13361825644496186
1.0134713129731074
-0.13387484222819007
1.013459487881352
-0.13418946459367373
1.0133750259587686
-0.13503051937133614
1.0133080704806328
-0.13598285815372937
1.0132950377935186
-0.1359457468306224
1.0132725010002468
-0.1361534312711483
1.0132557055875802
-0.13679243704505661
10.0
1.0
198.4501329315477
40.58889127575351
138.0
1.0349181012095132
-0.12419569778906639
1.034942315683575
-0.12413998379915957
1.0349526816939987
-0.1239909342601929
1.0348686209596478
-0.12461735558196473
1.0347737963179227
-0.1255142009978759
1.034736275519013
-0.12576606680306396
1.0346743883690763
-0.12620615665178345
1.03459003560508
-0.12694003005444496
1.0345666327907943
-0.12723210818586544
1.034489058995575
-0.12769208528970896
1.0344289461405225
-0.1282242663330298
1.0343927792580114
-0.12849364993450377
1.0343803163453427
-0.12864353318438673
1.0343318942671502
-0.12900880551639302
1.0341992334896688
-0.1302523681730433
1.034208999806423
-0.13013349568233062
1.0341234783463893
-0.13068419186186017
1.034074438851175
-0.13108835362446844
1.0340018052683428
-0.13156425592127635
1.0339474127031985
-0.13199553659451693
1.0338399025468028
-0.1328392931476964
1.0338114341551583
-0.13308872679911998
1.033747338228485
-0.13361825644496186
1.0337093797369872
-0.13387484222819007
1.0336779361731911
-0.13418946459367373
1.0335740165700071
-0.13503051937133614
1.03345427896281
-0.13598285815372937
1.033451986294701
-0.1359457468306224
1.03344441718155
-0.1361534312711483
1.0333495400217134
-0.13679243704505661
11.0
1.0
0.0
0.0
230.0
1.0215546291430506
-0.12419569778906639
1.0215907225649943
-0.12413998379915957
1.0215781151712944
-0.1239909342601929
1.021602103136912
-0.12461735558196473
1.0216083025441376
-0.1255142009978759
1.0216178633467092
-0.12576606680306396
1.0216321196966949
-0.12620615665178345
1.0216527593985294
-0.12694003005444496
1.021626981577224
-0.12723210818586544
1.0216546236172794
-0.12769208528970896
1.0216442173533786
-0.1282242663330298
1.0216573767397987
-0.12849364993450377
1.0216779020495426
-0.12864353318438673
1.0217159018076045
-0.12900880551639302
1.0216936314037894
-0.1302523681730433
1.021689172711321
-0.13013349568233062
1.0216831185640562
-0.13068419186186017
1.0216772032197086
-0.13108835362446844
1.021714662310996
-0.13156425592127635
1.021732454168006
-0.13199553659451693
1.0217038028155279
-0.1328392931476964
1.0217298210084251
-0.13308872679911998
1.0217568170956994
-0.13361825644496186
1.0217477863997702
-0.13387484222819007
1.0217732973086089
-0.13418946459367373
1.0217785543294413
-0.13503051937133614
1.0217654056840915
-0.13598285815372937
1.0217815705410116
-0.1359457468306224
1.0217967642788686
-0.1361534312711483
1.0218017075084742
-0.13679243704505661
12.0
1.0
0.0
0.0
230.0
1.0167281707361264
-0.12419569778906639
1.0167510851185637
-0.12413998379915957
1.0167374253752233
-0.1239909342601929
1.0167707614864092
-0.12461735558196473
1.016776254420604
-0.1255142009978759
1.0167786639002028
-0.12576606680306396
1.016805086112965
-0.12620615665178345
1.0168135634148328
-0.12694003005444496
1.0167984232087388
-0.12723210818586544
1.0168272819488677
-0.12769208528970896
1.0168194988534798
-0.1282242663330298
1.0168377304004106
-0.12849364993450377
1.0168552177819872
-0.12864353318438673
1.0168646222232518
-0.12900880551639302
1.0168709699749194
-0.1302523681730433
1.0168577816137077
-0.13013349568233062
1.0168706663687077
-0.13068419186186017
1.0168760145455185
-0.13108835362446844
1.016898633658733
-0.13156425592127635
1.016906609345715
-0.13199553659451693
1.0169049112944992
-0.1328392931476964
1.0169158589179885
-0.13308872679911998
1.016939230738668
-0.13361825644496186
1.0169388201818812
-0.13387484222819007
1.0169512675066827
-0.13418946459367373
1.0169626944240509
-0.13503051937133614
1.0169749790597753
-0.13598285815372937
1.0169771941247547
-0.1359457468306224
1.0169830055473035
-0.1361534312711483
1.0169908485927162
-0.13679243704505661
13.0
3.0
268.8278755496193
55.008543284704174
230.0
1.0335983560673363
-0.12419569778906639
1.0336340506745385
-0.12413998379915957
1.0336087873281392
-0.1239909342601929
1.0337237227127491
-0.12461735558196473
1.033829505082273
-0.1255142009978759
1.0338871327017676
-0.12576606680306396
1.0339404310791316
-0.12620615665178345
1.0340644085203718
-0.12694003005444496
1.034075992205154
-0.12723210818586544
1.0341798867139955
-0.12769208528970896
1.0342301612517684
-0.1282242663330298
1.0342872923666486
-0.12849364993450377
1.0343422713457977
-0.12864353318438673
1.0344243474328108
-0.12900880551639302
1.0345406071783076
-0.1302523681730433
1.0345314662762548
-0.13013349568233062
1.0346111756697345
-0.13068419186186017
1.0346538328283414
-0.13108835362446844
1.0347746971475928
-0.13156425592127635
1.0348621400661289
-0.13199553659451693
1.034929771054908
-0.1328392931476964
1.0349970987487314
-0.13308872679911998
1.0350909724633686
-0.13361825644496186
1.0351266818883178
-0.13387484222819007
1.0351886850726437
-0.13418946459367373
1.035313199416334
-0.13503051937133614
1.03541320816045
-0.13598285815372937
1.035439094641869
-0.1359457468306224
1.0354763165591316
-0.1361534312711483
1.0355524316040516
-0.13679243704505661
14.0
2.0
197.32041934587218
39.70525535577347
230.0
1.039714994841438
-0.12419569778906639
1.0397509689788467
-0.12413998379915957
1.0397501934503175
-0.1239909342601929
1.0397668959786412
-0.12461735558196473
1.0397956966613082
-0.1255142009978759
1.039826972067849
-0.12576606680306396
1.0398217146480861
-0.12620615665178345
1.0398785712249505
-0.12694003005444496
1.0398456906883915
-0.12723210818586544
1.039875596005817
-0.12769208528970896
1.039888179213871
-0.1282242663330298
1.0398921656288314
-0.12849364993450377
1.0399216515633893
-0.12864353318438673
1.0400062260806338
-0.12900880551639302
1.039972492408321
-0.1302523681730433
1.0399914193835882
-0.13013349568233062
1.0399632573931084
-0.13068419186186017
1.0399492311332204
-0.13108835362446844
1.0400195290596952
-0.13156425592127635
1.040056715296836
-0.13199553659451693
1.0400173613518362
-0.1328392931476964
1.0400693649509682
-0.13308872679911998
1.040100588112954
-0.13361825644496186
1.0400914186637373
-0.13387484222819007
1.0401397254217424
-0.13418946459367373
1.040155181604985
-0.13503051937133614
1.0401281436056877
-0.13598285815372937
1.0401651891103694
-0.1359457468306224
1.040193852460836
-0.1361534312711483
1.040207168973698
-0.13679243704505661
15.0
2.0
322.2835740785841
65.06740996259549
230.0
1.0274742977769449
-0.12419569778906639
1.0274416694976802
-0.12413998379915957
1.0273867453490955
-0.1239909342601929
1.027546130621028
-0.12461735558196473
1.027642701855337
-0.1255142009978759
1.0276471778931786
-0.12576606680306396
1.0277658263691638
-0.12620615665178345
1.0278265735706733
-0.12694003005444496
1.02789354527617
-0.12723210818586544
1.0280024987150382
-0.12769208528970896
1.0280177103238213
-0.1282242663330298
1.0281213054640772
-0.12849364993450377
1.0281451342012706
-0.12864353318438673
1.0281010127522812
-0.12900880551639302
1.028329468052949
-0.1302523681730433
1.0282927649507208
-0.13013349568233062
1.02844912774183
-0.13068419186186017
1.0285236860960554
-0.13108835362446844
1.028561273766154
-0.13156425592127635
1.0286128787016293
-0.13199553659451693
1.0287472979270058
-0.1328392931476964
1.0287645003518253
-0.13308872679911998
1.0288256828757547
-0.13361825644496186
1.0288709900389374
-0.13387484222819007
1.0288837263122463
-0.13418946459367373
1.0290294139084692
-0.13503051937133614
1.0292066642834674
-0.13598285815372937
1.0291669743389344
-0.1359457468306224
1.029136797691065
-0.1361534312711483
1.0292188183197515
-0.13679243704505661
16.0
2.0
101.59105606908855
20.314555013578392
230.0
1.032844090520135
-0.12419569778906639
1.0328207626729526
-0.12413998379915957
1.0327776926151708
-0.1239909342601929
1.032909915464165
-0.12461735558196473
1.0330072493778246
-0.1255142009978759
1.033015006795008
-0.12576606680306396
1.0331099664312333
-0.12620615665178345
1.0331780841900746
-0.12694003005444496
1.0332315632982803
-0.12723210818586544
1.033322094102435
-0.12769208528970896
1.033350903832253
-0.1282242663330298
1.0334332784769795
-0.12849364993450377
1.0334584482076912
-0.12864353318438673
1.0334424316411404
-0.12900880551639302
1.0336346801038814
-0.1302523681730433
1.0336072205393285
-0.13013349568233062
1.0337376304913855
-0.13068419186186017
1.0337972900993941
-0.13108835362446844
1.0338419463310453
-0.13156425592127635
1.0338904015692176
-0.13199553659451693
1.0340148219671113
-0.1328392931476964
1.03402735259295
-0.13308872679911998
1.0340917672605336
-0.13361825644496186
1.0341297356060333
-0.13387484222819007
1.0341523461082276
-0.13418946459367373
1.0342853514304537
-0.13503051937133614
1.0344286299225298
-0.13598285815372937
1.0344044175365117
-0.1359457468306224
1.034382337490938
-0.1361534312711483
1.034459467647204
-0.13679243704505661
17.0
1.0
0.0
0.0
230.0
1.021412513036939
-0.12419569778906639
1.0213677969982162
-0.12413998379915957
1.0213099524945604
-0.1239909342601929
1.021509942712603
-0.12461735558196473
1.021679566555955
-0.1255142009978759
1.0216912433356964
-0.12576606680306396
1.0218434047152483
-0.12620615665178345
1.0219434573891522
-0.12694003005444496
1.0220754042236848
-0.12723210818586544
1.0222068118242125
-0.12769208528970896
1.02226880007519
-0.1282242663330298
1.022407944964165
-0.12849364993450377
1.0224388460818608
-0.12864353318438673
1.0223870186688508
-0.12900880551639302
1.022724686879778
-0.1302523681730433
1.0226759987959928
-0.13013349568233062
1.0229232558120473
-0.13068419186186017
1.0230186428452388
-0.13108835362446844
1.0230795013237521
-0.13156425592127635
1.0231557284463617
-0.13199553659451693
1.0233878902175124
-0.1328392931476964
1.023406256215131
-0.13308872679911998
1.023499511942359
-0.13361825644496186
1.0235747539486524
-0.13387484222819007
1.0235972942663714
-0.13418946459367373
1.0238381327758288
-0.13503051937133614
1.0240805501981234
-0.13598285815372937
1.0240272168486373
-0.1359457468306224
1.023995447312015
-0.1361534312711483
1.024126164690175
-0.13679243704505661
18.0
2.0
338.2856913925312
69.1344964260667
230.0
1.0179951682382307
-0.12419569778906639
1.017941995267429
-0.12413998379915957
1.017879754572167
-0.1239909342601929
1.0181016799917417
-0.12461735558196473
1.0182973194478826
-0.1255142009978759
1.0183088233283883
-0.12576606680306396
1.0184816254371871
-0.12620615665178345
1.0185908477050898
-0.12694003005444496
1.0187550143066122
-0.12723210818586544
1.0188991967694476
-0.12769208528970896
1.0189717183756442
-0.1282242663330298
1.0191326340730555
-0.12849364993450377
1.0191646556662672
-0.12864353318438673
1.0190982303313683
-0.12900880551639302
1.0194875977359905
-0.1302523681730433
1.0194316300750845
-0.13013349568233062
1.0197233587830554
-0.13068419186186017
1.0198288611764672
-0.13108835362446844
1.0198930265508908
-0.13156425592127635
1.0199794432862175
-0.13199553659451693
1.0202502233030304
-0.1328392931476964
1.0202712370417966
-0.13308872679911998
1.020372454817912
-0.13361825644496186
1.0204607148139522
-0.13387484222819007
1.0204825703142977
-0.13418946459367373
1.0207639342771764
-0.13503051937133614
1.0210391221435162
-0.13598285815372937
1.0209748334523212
-0.1359457468306224
1.0209382020420814
-0.1361534312711483
1.0210885316886387
-0.13679243704505661
19.0
1.0
184.17231155842768
37.6247804864626
230.0
1.0301806607531538
-0.12419569778906639
1.0301639518394872
-0.12413998379915957
1.0301305702856827
-0.1239909342601929
1.030226096174294
-0.12461735558196473
1.0302911426493526
-0.1255142009978759
1.0302908387952936
-0.12576606680306396
1.0303582642539428
-0.12620615665178345
1.0304079738855363
-0.12694003005444496
1.0304254060273246
-0.12723210818586544
1.0304904328446958
-0.12769208528970896
1.0305177542537476
-0.1282242663330298
1.0305627090248255
-0.12849364993450377
1.0305804542405301
-0.12864353318438673
1.0305723447160082
-0.12900880551639302
1.0307123205573585
-0.1302523681730433
1.030685085225444
-0.13013349568233062
1.0307692543193447
-0.13068419186186017
1.0308085603720365
-0.13108835362446844
1.030846838751987
-0.13156425592127635
1.0308666256579386
-0.13199553659451693
1.030964076843714
-0.1328392931476964
1.0309585966985808
-0.13308872679911998
1.0310152220686084
-0.13361825644496186
1.031032350695926
-0.13387484222819007
1.0310503218706228
-0.13418946459367373
1.0311374768913004
-0.13503051937133614
1.0312360154056452
-0.13598285815372937
1.0312249063920118
-0.1359457468306224
1.031202353852837
-0.1361534312711483
1.0312490470013949
-0.13679243704505661
20.0
1.0
130.14190965895898
26.46052813586354
230.0
1.0327377538764628
-0.12419569778906639
1.0327121608455825
-0.12413998379915957
1.0327013906770044
-0.1239909342601929
1.0327804354461572
-0.12461735558196473
1.032845583040627
-0.1255142009978759
1.0328561537187568
-0.12576606680306396
1.0329097497358133
-0.12620615665178345
1.032954242673336
-0.12694003005444496
1.0329801325715857
-0.12723210818586544
1.0330350927574437
-0.12769208528970896
1.0330816161104464
-0.1282242663330298
1.0331100295801923
-0.12849364993450377
1.0331310981744517
-0.12864353318438673
1.033121150370035
-0.12900880551639302
1.033251454447064
-0.1302523681730433
1.0332337193382373
-0.13013349568233062
1.0333139529574167
-0.13068419186186017
1.0333548258976977
-0.13108835362446844
1.0333868357323914
-0.13156425592127635
1.033406319502051
-0.13199553659451693
1.0335116557287285
-0.1328392931476964
1.0335057435479775
-0.13308872679911998
1.0335507500649306
-0.13361825644496186
1.0335797303707304
-0.13387484222819007
1.033589818071875
-0.13418946459367373
1.03366615212291
-0.13503051937133614
1.0337731302279656
-0.13598285815372937
1.0337598858109645
-0.1359457468306224
1.0337498436375745
-0.1361534312711483
1.033793441928773
-0.13679243704505661
21.0
2.0
0.0
0.0
230.0
1.0144097404090406
-0.12419569778906639
1.014358990987977
-0.12413998379915957
1.0142933072516935
-0.1239909342601929
1.0145268266703544
-0.12461735558196473
1.0147291311713744
-0.1255142009978759
1.0147488520736556
-0.12576606680306396
1.014922622065224
-0.12620615665178345
1.015041590201896
-0.12694003005444496
1.0152013920644933
-0.12723210818586544
1.0153503980958434
-0.12769208528970896
1.0154395811554173
-0.1282242663330298
1.0155951403099288
-0.12849364993450377
1.0156272673190787
-0.12864353318438673
1.0155605052511871
-0.12900880551639302
1.0159653100137247
-0.1302523681730433
1.0159054223184436
-0.13013349568233062
1.0161965792088827
-0.13068419186186017
1.0163191831793106
-0.13108835362446844
1.0163954674359827
-0.13156425592127635
1.0164778647068622
-0.13199553659451693
1.0167602366000577
-0.1328392931476964
1.0167770717009776
-0.13308872679911998
1.0168894901573187
-0.13361825644496186
1.016984758394507
-0.13387484222819007
1.0170049881528733
-0.13418946459367373
1.0172848393090446
-0.13503051937133614
1.0175810156981238
-0.13598285815372937
1.0175125122190738
-0.1359457468306224
1.0174870039945971
-0.1361534312711483
1.0176360376671625
-0.13679243704505661
22.0
2.0
0.0
0.0
230.0
0.9826743157864131
-0.12419569778906639
0.9826045430340492
-0.12413998379915957
0.9825187933402424
-0.1239909342601929
0.9828329419399855
-0.12461735558196473
0.983105642139742
-0.1255142009978759
0.9831338300689912
-0.12576606680306396
0.983367459333348
-0.12620615665178345
0.9835294137466557
-0.12694003005444496
0.9837450254309992
-0.12723210818586544
0.9839485036127426
-0.12769208528970896
0.9840675013241571
-0.1282242663330298
0.9842784050583274
-0.12849364993450377
0.9843241047420843
-0.12864353318438673
0.9842334690971344
-0.12900880551639302
0.984782984293466
-0.1302523681730433
0.984701524016258
-0.13013349568233062
0.9850983396896758
-0.13068419186186017
0.9852639660605348
-0.13108835362446844
0.9853658864389766
-0.13156425592127635
0.9854804065936738
-0.13199553659451693
0.9858671064637033
-0.1328392931476964
0.9858900709202209
-0.13308872679911998
0.9860417367480911
-0.13361825644496186
0.9861727395837043
-0.13387484222819007
0.9862000788782371
-0.13418946459367373
0.9865828736475675
-0.13503051937133614
0.986987318216914
-0.13598285815372937
0.9868957226199061
-0.1359457468306224
0.9868595887178451
-0.1361534312711483
0.9870646328067371
-0.13679243704505661
23.0
2.0
0.0
0.0
230.0
1.0351518830222977
-0.12419569778906639
1.0351198962450336
-0.12413998379915957
1.0351217437767855
-0.1239909342601929
1.0352042018928214
-0.12461735558196473
1.035272772979127
-0.1255142009978759
1.0352974450716306
-0.12576606680306396
1.0353423119221574
-0.12620615665178345
1.035396354396669
-0.12694003005444496
1.0354293635463987
-0.12723210818586544
1.0354857808079112
-0.12769208528970896
1.0355426282621574
-0.1282242663330298
1.0355757460157755
-0.12849364993450377
1.035603836976939
-0.12864353318438673
1.0355849718673606
-0.12900880551639302
1.0357284609277082
-0.1302523681730433
1.035715175228079
-0.13013349568233062
1.0357963233968313
-0.13068419186186017
1.0358494135859422
-0.13108835362446844
1.0358815184628458
-0.13156425592127635
1.0359102544302206
-0.13199553659451693
1.0360254437632836
-0.1328392931476964
1.0360259850120659
-0.13308872679911998
1.0360619576869476
-0.13361825644496186
1.0361107806439982
-0.13387484222819007
1.0361137193138241
-0.13418946459367373
1.036194994254843
-0.13503051937133614
1.0363174426692987
-0.13598285815372937
1.0363036690934597
-0.1359457468306224
1.036301487290336
-0.1361534312711483
1.0363534067335345
-0.13679243704505661
24.0
1.0
0.0
0.0
230.0
1.0038694965813169
-0.12419569778906639
1.003834495666826
-0.12413998379915957
1.0037602222009194
-0.1239909342601929
1.0038764312930828
-0.12461735558196473
1.0038523625959168
-0.1255142009978759
1.003829534018789
-0.12576606680306396
1.0039278143583619
-0.12620615665178345
1.0039314577770408
-0.12694003005444496
1.0038903429327979
-0.12723210818586544
1.0040116336377858
-0.12769208528970896
1.003936129606982
-0.1282242663330298
1.0039800044660936
-0.12849364993450377
1.0039810197661738
-0.12864353318438673
1.0039332999631687
-0.12900880551639302
1.0039854126792953
-0.1302523681730433
1.003973086292873
-0.13013349568233062
1.0040683076079673
-0.13068419186186017
1.0040776752241078
-0.13108835362446844
1.0040916360194796
-0.13156425592127635
1.004118659958928
-0.13199553659451693
1.0041102240517747
-0.1328392931476964
1.0041300699202258
-0.13308872679911998
1.004139391439476
-0.13361825644496186
1.0041141959775077
-0.13387484222819007
1.0041248595209706
-0.13418946459367373
1.004142142514244
-0.13503051937133614
1.0042281806385527
-0.13598285815372937
1.0042240871903907
-0.1359457468306224
1.0041500130410774
-0.1361534312711483
1.004167079939279
-0.13679243704505661
1.0
2.0
1.0
3.0
1.0
5.0
2.0
4.0
2.0
6.0
3.0
9.0
3.0
24.0
4.0
9.0
5.0
10.0
6.0
10.0
7.0
8.0
8.0
9.0
8.0
10.0
9.0
11.0
9.0
12.0
10.0
11.0
10.0
12.0
11.0
13.0
11.0
14.0
12.0
13.0
12.0
23.0
13.0
23.0
14.0
16.0
15.0
16.0
15.0
21.0
15.0
21.0
15.0
24.0
16.0
17.0
16.0
19.0
17.0
18.0
17.0
22.0
18.0
21.0
18.0
21.0
19.0
20.0
19.0
20.0
20.0
23.0
20.0
23.0
21.0
22.0
